"V1"
46.1857924549919
48.0806026735072
45.9055190060599
46.3312007159934
46.9533505092497
45.9215898027096
46.9614861853772
47.2475717530448
46.72232284292
43.9822495040348
47.5489023462142
37.5947731051316
48.2128720456724
46.8632155913718
47.4488197430457
46.0993477611274
46.0759962934891
48.1780635986915
44.2286343267742
46.1456057762772
48.9724071538196
47.697658757812
44.2079720088072
48.1030441828024
44.8153660117622
46.0011788947814
43.3765912927579
44.8950620857238
43.1578391857645
48.03108954414
47.2548168593078
47.079973793871
47.04478251597
47.8992116032753
46.6264257127163
36.8005242141717
47.5403692817099
45.5879867342425
48.2834045147561
46.6327282612803
43.9069952224579
46.7198156168465
47.832347618312
40.1975142659697
47.4906674036303
44.4210880792475
47.7452308020696
45.52538930989
48.7524575618209
49.0634601360047
45.658760719124
44.9169548448334
47.3048502095401
46.9670432456278
47.0684507230803
48.2693819213853
46.5930721027587
46.1691727467216
49.1071061871908
48.2543520140143
47.4037196277266
46.291900370956
46.3165838043861
46.7084228549941
46.8738380068406
55.3185619326382
46.4469490482916
46.2824212052805
47.3534293666367
46.68845335479
48.4445902798911
47.1600675919589
47.2257043723478
45.6734347858589
45.8215902308902
34.5246090177389
49.5897069426863
42.6676196125799
32.7064430194981
40.5924954931764
42.2387546284878
47.7421599829089
46.2670892931533
46.280562541515
46.5748853017304
47.7460677069778
47.4094296017514
47.8494539332602
45.4455507155078
47.0031705833422
45.2857317063829
46.1933749905811
46.7908979719489
42.1950299894324
45.9272772943725
49.3439408134718
46.5322170881629
49.0147621201595
46.2890326732725
45.1306811645658
47.3420931531972
43.7913050518207
47.3874096715736
48.5236330357293
43.7089995956089
49.0820500207125
45.7357760465182
48.5750973547061
47.4743204008198
47.4240807487286
41.4690332658974
49.316713524992
48.0344027848247
47.7453872716329
47.9192590356032
47.3792542641786
47.036098609556
46.5732812864881
48.3116805009591
48.2130688213349
45.4862562838537
47.1245088808458
51.425366977226
46.6649345744751
45.9621729657408
45.9226063799392
35.5556085622155
47.3395066253935
48.1021467082324
47.5009441554636
45.1108205206734
48.4848587159856
46.6279465567737
45.9004206959008
40.739589394305
46.0163927498239
40.0367924163977
46.738045009686
47.4753128572849
46.6371133456987
46.4504985801026
48.1297951199669
46.6946398447115
43.3628667272176
47.5364372751786
47.2184810036576
47.4162877645547
47.5025349603695
45.9008333486103
47.0368735181465
47.5635746142726
37.2555296080559
43.8307900789373
50.4287557891961
47.9049695640887
47.1578387334907
44.6488765280624
45.9621959773954
47.2678631785665
38.0358463828456
43.6640459088774
43.685891587855
43.8859329891087
43.993897068962
45.1334684276453
47.8742997246854
46.9751598403765
52.3580896581287
44.5759208322643
47.4989665822541
41.8915442780676
45.5261546186425
44.9790944701747
44.699446014137
46.4204051519315
45.2730260775333
47.5747013579285
48.3114077899334
43.5182198528848
43.6596165600121
45.6819584518595
47.082869322849
44.8835769526385
38.0049459970431
46.8294156369085
47.5222763963962
46.0501927845904
44.5805862125755
46.2327409465942
41.0900048923323
46.7172704790952
47.2891248871666
45.8729869968191
44.4266781882639
45.8296193537023
48.4965123440938
43.4261752478735
44.3551373653035
47.0241099672418
48.5316366133344
47.9758452896764
46.5466638994533
45.0992563179045
44.9207628289933
43.7580816804853
44.2663362673824
48.1752324278149
42.5437811275783
44.5058411951703
46.6873971285614
44.6550604513194
48.6154328163047
46.766419526373
48.0397130909933
45.6394907691919
46.0247110983738
36.8492318484516
45.6990713712395
46.4343139562512
48.1107606248432
44.926387240792
45.3288601934471
44.8200999024671
45.2842470387737
45.0999567372602
40.5516161001365
46.2117330604989
25.0121674048202
24.6076707065187
29.0054808749019
24.8770220671234
27.9174683612707
30.1746932205801
23.4680869255772
32.6261353368018
29.452889208077
30.1363527668956
17.6728140342239
28.2367617156756
30.3455179964693
32.9954161208247
24.0515405468225
27.7128768970708
31.5615052690822
18.7984680705435
30.6147936312226
29.8356689532898
29.7976296807289
28.4886189232998
30.5225957649573
31.5779874625647
32.3659211693644
19.8509792351617
28.7804756673248
31.2440397237776
22.0122317470767
24.5027000420415
32.2657425329017
31.3664794665876
33.0114211259114
31.0382764196089
21.9103329341555
29.1918059812413
30.1303095277128
20.6094244046248
24.6161684938374
22.4699505488622
33.1159362749497
32.8567682509933
23.7464704834157
29.4578648145183
29.6266091059026
22.7927832299214
29.7629140536687
29.7917208596238
28.4270689679087
20.1998250151168
26.8760830075533
31.328242591974
30.8861444684151
28.9093208104357
29.8229278430499
30.3902055058966
28.1160498328405
19.8097261272458
31.3081997859266
27.6906161757692
28.482217036084
28.7133864120958
32.5045255406836
34.5025532155713
28.2181058120032
23.9441118057423
30.2202637470684
29.8010652700776
25.2778176793769
30.3966800662436
34.6537360953123
30.702675022696
21.9835344326117
18.4720030861699
30.1121287946833
26.010370363083
29.4491506546287
20.7570411986913
31.6855937769352
28.197457975348
30.7023793369374
29.3975210617193
30.5348429246337
22.7736423949151
25.1121076695659
29.3970652609168
26.0025508640457
29.5325939608418
31.057000158079
19.9503725316238
23.1016412867329
25.2632310818232
27.8087085014779
31.4275089463905
18.6054070066616
23.9388939452749
20.5467913378064
31.0412775276429
21.655283595688
30.4816188830484
29.0958546052307
29.5465928782176
29.1596556444784
33.0593349173958
29.9129294473919
28.7908309460996
32.1950618085384
25.3337710711874
27.2438946133553
26.0392547514536
34.0496833458288
30.7050714189314
28.7323249445446
28.832844244077
29.5309733056605
26.7339150116359
19.5118452524698
20.7402949617981
30.8224913223565
21.7137226122069
30.5218595186996
29.2885395250899
29.6733656149086
28.3863329524417
18.5129465176478
21.0382520462891
15.9215385035846
19.4810857736702
30.0182350485556
25.9460995105031
19.2044962532668
22.8861736647795
29.5054352921128
30.6727752081536
22.0856527311732
29.7189227062617
27.6813442780505
29.6271475581436
28.1947132556917
27.5151061331297
26.2133872042587
21.3608404531375
19.3063917607081
28.4692752409638
18.3117599231243
30.2256475470482
24.6524715476242
21.3569252721154
20.2214451053155
33.2757898310577
22.2266623635628
19.7992496620223
27.9899879689241
25.9104372459839
26.5001893118982
30.2943466723629
27.8434264501032
27.3493077192265
29.0229484444075
23.9415172653723
27.9731262310658
19.4766157341015
24.5172024809575
31.3240280712908
18.6745895989207
19.6739031506238
28.7759523647192
28.1876897087463
27.3641463113056
29.9042192226175
30.2323608678323
30.793622240804
19.9751923369133
28.7115795653522
24.2210343560521
30.3788398787075
31.8215233995082
19.7472705170314
16.9510591278345
28.6350073217695
19.2146726981694
31.1231608078323
17.0667655425367
21.2203585003881
23.1948809841009
27.6908177833771
21.3255933985229
30.0087397008039
19.3328319753962
17.662389265586
21.9347578637283
28.9064568856751
30.0619574246204
21.8089768513074
29.9653544696119
25.0183451262623
24.76858982263
18.8416170720413
20.8466962933272
30.0842761154116
24.9842015940786
29.6793433391398
31.3861002865973
22.6109778003607
31.1049566141129
28.777179984916
23.3003364250602
27.6024336449739
30.4741878454167
30.9665184229102
31.722774953433
17.4876167444059
19.9472246852217
36.1047680380394
20.6692881472242
25.7970208460309
27.6441261077572
23.8344125450748
21.3684015838529
31.4430702120348
29.2282671166061
30.1436024630302
18.4564769708886
25.428634741273
21.5156807869429
29.6783687413127
30.1688694872296
19.9188745035006
28.5589227281336
32.4423532319543
18.9528685481454
22.1124041273332
23.463387059316
28.28939976763
30.1857642020593
31.4503739736603
28.6952632118943
29.1453287776259
28.7201762604912
19.3861926557581
15.3592076613073
20.9919413667467
24.7060544295025
29.4064258517035
19.2252474041867
29.9045279215637
20.2420077672307
38.838933900088
39.8046214526166
37.293988090618
37.6021569618311
38.0759075728655
35.6659516117549
36.1213283616596
38.3243440835278
39.6502639091838
38.683345054124
27.2373875768675
34.6899839418913
35.8472139292969
36.6292602106486
39.2282503687886
39.4605997543311
35.3061381412843
35.1327978645957
40.2014903300035
35.2782884381819
36.794643199809
35.0400761081694
37.5973028320956
38.0372730615173
41.459888365358
35.2196556939031
29.930990263229
39.7708959604578
38.3614547125177
38.3573726334035
35.8224257418885
35.4866496102861
38.1856737214242
37.8584737808482
36.4167360357458
41.7586712677935
40.22465152691
36.6132650269993
33.7676307026462
34.1203844952596
38.2652646579876
29.5060712082106
36.6393657314692
35.7254345823904
37.9756827537363
37.6449702868701
35.234337069774
35.3778019954768
39.8345008464292
35.178596302414
39.1831440509085
40.2521930559052
35.6505736557132
34.6211954578207
33.5256344358127
38.2862951002216
29.7934696908814
36.6419572142873
38.8755076543331
38.210643232707
38.441013614059
37.8367876259935
26.7729409947103
39.7836308553452
39.2908837934082
35.0113003065972
38.9463443206852
35.8826476682199
38.7771227993735
36.9604950563855
38.1965421214888
33.3683239023349
37.9360847288723
36.7294936538428
36.441825304203
33.8040242218754
32.0176662256278
35.9943072830754
38.3362449238147
35.9346447921344
38.8406234713254
38.5859332250924
39.3507742128248
38.4221200391558
37.7027788559406
34.3891786528212
38.6445722274193
38.4730098827672
44.3683533605889
39.3765737078042
38.55256719463
35.5243726140527
36.8848472816096
39.4174501422588
39.0846695324517
38.2527486546054
35.3145825386263
40.4889023144772
40.5495600316744
35.9923083255437
31.0493570877003
36.2342614037177
38.2852226022353
35.849424733834
35.0067216388807
37.38694335892
39.282109856116
37.4672791939248
35.9786546600855
38.542213044225
36.3907383320593
36.23557898433
37.7165457162672
35.7549034121201
35.5733803727254
34.7964095359757
39.8726651701073
34.6796396281362
37.7550764877553
33.2626307993577
39.7531460996881
35.483579890239
32.8125964032578
31.0525993268929
36.6409024451369
38.8531707707731
35.0913167697088
37.352040554608
30.85818052999
34.3299962767571
33.9451407635589
36.7478496841873
38.0133964616493
37.971199338735
38.3539055504169
39.6396577561204
37.0619550502988
35.4974021359506
36.3757780906779
37.8554216597863
38.6391416950508
38.3293161348171
38.4156574670947
32.7753012168179
34.3281639973899
30.7183246795394
35.8231792039183
38.4617561543747
38.9576224143565
40.8809854979611
38.7323306934189
39.4339578608929
39.5882326470606
39.4781241478438
35.5297689787229
36.622557312479
36.4711808627491
37.2919630136486
36.9993484276789
37.4622794603911
36.6736853126523
38.9669463936211
37.2763464729968
39.8802093072514
36.6556529670696
36.5702171888239
39.7247952895246
41.6331574534489
38.2237384205008
33.1598960612809
36.4327907212323
37.1405140466992
37.6914269251913
36.5627049289656
36.3327379835492
34.917468667852
36.7273721752232
33.183781116447
38.282901831117
39.6062025060401
36.2305858273109
37.9715929545779
37.8919457560633
36.8254671409386
32.487722301262
35.9683314254885
35.3439576239363
36.4473974276512
35.3305020864065
36.672016463402
39.5478420111778
38.4141761757925
36.1118111441493
40.029292905023
34.8750351267099
36.8902413561516
37.1469143115312
36.4500841960762
38.0909448581959
41.6423061056802
39.699624910186
38.1708978613337
37.2490913646062
38.5524214164863
44.554097581274
38.0451350881046
40.7859410491576
47.1662455738281
45.2164630129939
42.8707712517094
41.8187227079912
40.2256504041038
29.7247739340077
45.2892274010179
37.6676039034293
42.2515226074938
42.255270902307
42.5074501330025
37.0524771353029
36.2344863287997
36.5480270653293
38.0172245431449
43.4641908351664
39.5087974774824
36.7415259958221
37.2174323042789
34.7203951455929
37.8767585421942
44.5376708879887
40.5841740197096
42.0558254076188
35.2446863856254
40.1524462651582
38.1956583328129
42.418490999409
38.0782498771276
40.8935003518327
34.8186609715718
33.8833527357428
45.919423885158
37.1184170101266
36.29569808852
36.7139495385346
33.4821893684225
33.9969817104776
34.0722054506982
39.7820087801394
37.1399039926932
32.2476426663899
37.5487230910343
39.495012316173
39.5757734682809
44.6801325861597
33.2425050052945
40.2516743299289
42.268947558742
36.6548636305347
36.5451782804902
36.959890446522
32.6712961156312
42.2947390751555
41.2729455672623
37.1110353381237
40.4991981890167
39.573126428557
29.2010460437228
30.3399057879776
30.6570181081114
36.2039591026826
36.7754301418204
41.3108890825808
37.2854146742068
40.2883223849662
24.4139828026078
30.066250994113
28.999052938849
31.7799049464227
35.3649369405537
34.8005982548543
30.3418400779647
40.6945379873966
37.498365938728
38.8179559110937
40.9975332092642
39.2561893696448
29.4818489308295
30.0516953765553
33.1541778351943
32.5431493795005
39.9681283365304
31.9610868540461
30.6116434735169
40.1902893516554
35.1210491161944
29.8314504633582
36.8637659473572
31.1755692848955
28.6659797418096
26.9878060146585
30.7770235892945
29.714879956291
31.3489960954458
31.8215287433755
41.552530637528
41.1571364457636
33.1077334492997
38.7396916588139
40.8362975558883
30.0011882963844
38.9883524731109
41.8737042503564
29.4264608548641
29.7674511672201
29.6841801316874
31.9376025004708
30.4188060779219
28.9302857041272
30.8527839201047
29.6983124123865
28.5774128164059
29.100765372104
38.6358834733697
40.2419751311419
29.4844664822538
29.8335430338911
33.8980982660815
33.4183285230031
31.5093907016915
30.7696988330905
40.8118083755037
41.9884648195993
30.5959886760586
40.33439660354
28.6044622512109
31.7229069637839
35.6539070482387
31.7796516948163
31.255523287038
41.4160725445105
31.7720340238112
40.1219399113774
39.8814190547123
30.2835294680646
38.6618752257895
31.0898209818122
32.0363414382463
32.5858054060286
31.0436446408673
42.3543052489253
29.359232872775
29.8716283596806
40.3172328150343
29.0589977684441
30.2689499813175
28.5811283198213
39.9140897884508
27.5661712851433
33.3043712199294
27.2947486257955
30.3908976237816
30.6785845845132
28.2173222749402
34.9600405221952
29.5601474015968
40.240331265669
38.6690787284844
29.9782240286557
26.577421884251
29.0574036529633
34.2415451153141
29.1341136188017
29.5486393610667
30.29760498976
32.7274842145746
40.7744544604732
37.2302303652761
28.7614499887136
36.4267737399191
29.915548351507
29.381266419335
29.3447355232173
27.5230433469294
39.7546892795049
29.3799349692214
31.2681490865684
28.2979650796451
29.1843192454389
30.4694994173965
38.7781436244302
29.1624729577105
28.8421939637275
31.6986743723963
32.3013479876988
37.6858379162725
30.1949026340755
32.9774798273267
31.1418558464805
32.2059232064178
28.6189786996945
29.8522817380113
32.7058708731468
31.3716321827054
29.8499735148108
33.0146110694557
31.1901102291215
29.0792709820285
30.6186879344772
30.767995669014
31.8545036479759
39.3093494470235
31.6766325733502
30.990295062678
32.9054665900213
29.2172481090967
29.4372756460526
30.3740784504195
38.4029076223063
29.0932400799248
32.1508104417268
46.587791469866
29.0211755830485
29.6435406468075
29.2796530649634
29.2738804713193
30.6101130803524
33.2526380610982
29.1627342642828
38.3377807903296
33.5193455400092
41.0555699559289
29.9077590124295
30.2815617291653
39.6356820428754
29.2289519297769
41.688007397519
31.7670873030183
30.074348998575
29.756367142213
29.5777209293505
38.4051966576524
25.2845075225663
33.1910353653597
40.556959454489
19.8048943743072
43.010600717018
29.1682188707297
31.2722513484858
30.8221901984233
30.5228858775814
28.894414572556
29.0278598197492
40.7482989579022
33.0644104727727
39.1753379931846
29.933576576114
39.7198565523447
31.2552339915883
27.9437193477032
30.6629406607115
30.6079987822811
29.9277884422635
37.1970979240846
30.7783779239856
27.8860521271274
30.1981517339688
41.9405084382538
28.451506902205
42.6459956812537
36.9962671082303
31.3270808742831
32.8784233378425
29.2549440921996
34.8150642874645
36.2458382519194
33.6270607475793
28.8060344699578
33.879795326559
33.8951502967585
30.4257421295803
30.5444505460405
33.1050811321701
32.2109005710016
32.7867812224947
32.2036146056266
40.5329725569733
39.65956928022
39.899607689496
40.7062118348079
39.626415602558
38.3182624371764
42.002887596285
45.3143921103274
40.1347353933977
40.0042442591856
33.6098989866272
36.4654596756335
40.3651053497182
38.7698318822139
32.8983040096891
44.1927562300214
36.7536186674205
42.1623825634001
39.4601774822699
34.6118614836838
30.6914816277806
34.0312928313124
40.6899362426784
34.1813580978423
38.7810314472993
40.7718391805229
35.6213063173136
36.729442728548
36.5234148224731
33.5645271809892
39.7463075728439
43.631641963933
41.2750568933123
38.1669775279965
42.1647471867604
32.9071012467845
42.0088331303572
41.9098579158322
41.8757911602173
44.9584008140845
38.0920825506191
39.96443086191
34.9218835271315
35.1718349517248
34.2157195634761
39.8961367134989
34.5727037494833
34.0805507606682
43.181450666767
42.244826960085
42.3821106262179
33.5193920386882
38.5726107412647
34.0165210731974
31.5345712456461
34.9512655237404
38.2528751544495
38.9530943446973
37.8045582171269
38.6497408482641
37.7213535422327
33.708089807171
35.5517224590848
34.793046467509
41.7626455610729
35.0935990160232
32.6037529239929
34.3009876964891
35.6734602353319
41.5287340657521
41.2398566725959
36.7203179077852
37.7594635924761
41.7798265559062
35.9007205421448
38.0420411823622
41.2669414862608
40.068507158342
33.6163530481552
33.3186931248618
47.543851192735
39.5532374663704
39.7762153180923
38.2698125626598
33.1038488820521
30.7252724577137
37.967947453716
36.10804545463
32.3881067862289
30.4011455707206
40.9015649877577
32.0889481895045
38.2605181048599
33.2935248870514
32.5742180452952
41.8958331237317
37.4448080642692
42.3883629298123
40.7846895541953
31.9183127063885
38.1957438045058
39.0364836038865
42.0899729033822
39.0162786278936
39.7276062105587
32.9872279001881
40.8923324080876
40.8053815785441
39.8865557411512
35.4782160710863
36.0922623019115
42.0533982725515
41.9557418360285
43.7023860989795
40.0493540507994
36.6411678274971
42.7117529906311
33.5598672673409
43.7841741174752
40.080414607561
37.8473901433064
30.3112813987412
42.2258649957923
40.1591837985822
34.0011315027133
34.6999302432805
40.6886568545582
43.9926692500288
44.4988202209673
39.1285334856387
30.3974683302054
39.9555138201831
39.1650770652186
42.6453405960058
33.9313124790025
33.3283196541201
40.2582822177211
37.3129299970154
34.7696050340713
33.3491567749883
37.3411413712546
41.9482798777651
39.1396680364063
37.0430643118387
34.6947636957594
40.0953786072629
42.2315754121772
39.7974098545876
40.6982250911454
37.7755160620417
41.0509786809162
35.5206022436598
39.5728200261857
36.7330773650377
36.3276957032713
43.2641842498624
39.8975639298581
31.5563259993678
39.0300878557732
43.3411268568016
40.4178829979709
33.1212723572704
34.1836766702565
35.4513881875476
38.3970102234809
33.4280183752435
31.3284961966157
39.6811866340907
31.2613341747207
33.6642151449681
39.4643802978297
38.818929417603
40.7032022840614
29.9094523144143
32.6990181847724
42.9113439389047
40.3060190363529
33.5070285290246
43.5309438383338
42.8912755753368
31.3267865094989
34.5730310731517
38.0229861423715
33.6858609813733
34.3901369959654
40.9894779897888
40.4094604807774
38.4726014121007
31.135359114055
37.3957680085697
40.1652423142495
42.6343289617295
37.5804204751821
35.085187060259
36.3307505622971
31.6146121205846
39.5693030013244
42.180123338592
34.1073452973644
36.948258182841
40.811042998584
29.5273871551162
40.2891354991546
39.4010358979435
32.749402267718
34.3667748349636
37.5669434165805
45.1287389801759
40.4194763717011
39.7358091827763
42.9446250976692
40.4660742898618
35.1325019325585
41.9070309095308
44.720002719053
32.0214884142736
39.5407177153153
31.6720386715809
40.8450857445005
34.4293446619664
35.3092319751123
26.424132381887
30.9190758817428
26.5017249449582
18.4626527523053
19.0129310672126
23.130057641937
28.7448213662184
21.8214419448784
38.3516128879626
28.9571351128272
28.2126695382421
36.9268318566617
28.4426799847645
32.9694063122024
33.4718636729217
32.3560498659687
29.2169786909895
23.0355521509034
34.3669248472617
31.7446062663515
25.5950258336042
22.0088559769088
24.4607694472406
22.9137211676551
33.9156512115846
26.8777231693878
28.5757727416243
32.5412506317968
33.0542737705393
28.640035739923
22.9972060240466
32.9835395049135
35.6587272184834
32.0143731009534
25.1815858224477
35.420729951641
31.7773127319793
21.3594142803568
28.5531333497683
35.9619702004496
26.5700483444276
34.0773426089029
25.5176787584723
24.0313736598715
24.2796017713119
26.7440264299341
21.8194394489485
25.2081227880976
33.2530256417283
28.3587474371678
33.4950585001522
32.7842214106947
27.9471743895068
21.3857513851841
34.8477380688841
29.6085342518501
32.6574173356115
35.4937521538134
27.4060816259477
29.4223395232619
26.025338366423
33.0330680167111
33.8072901997897
23.8286910855478
25.3628390399984
33.7102412177987
32.5310409507881
25.494756136283
23.207877194598
32.4016104208245
18.588000633597
31.8012642792623
28.4154728878006
30.4073587152075
27.2863990942213
38.0260842945061
27.5545198475426
27.1411583108619
23.3999959610569
22.8371700968025
24.2330218863196
31.652755690337
37.024993068362
24.0485324669956
32.6145434921138
35.2942358045608
28.7389796220916
33.4350147170058
31.382515542313
34.0131873034027
30.19964757329
34.7759662398598
26.3817285101604
28.7606496540476
21.4251751973491
23.8814429479032
25.4343308521415
24.5492768231929
34.7059147766148
34.3434326958898
33.1870977589243
33.1094911609286
31.015533544006
33.4409369183042
34.364748534485
29.4419478026251
27.7987259374339
28.3206016058893
38.8694323097776
32.0232398366291
34.8202786322263
24.099429778441
32.1175089217354
32.9088319963046
31.3461471813219
31.7804314180509
38.0236558536883
23.8218888759581
30.2714146647988
29.0053859413885
33.2244969338505
35.6093390974076
33.6581699437444
35.7121790904219
29.787014819664
33.7258770339961
31.7493336893822
28.7708836635354
34.697780896378
25.1106773842224
24.9286983010178
30.3021315661417
35.505826036439
31.4198256766946
25.1210854210538
29.194303211759
23.5982084794767
28.3958272006975
23.0855610317578
34.6956425896317
24.4264688921701
21.8149041431082
24.8699007846331
29.5952664610528
30.1131734571983
30.5670973235855
30.8509990301957
22.8293796748588
25.3785760179647
25.136478219675
22.6990576007761
35.0272576349653
32.97910083583
31.6589208370072
27.7100530183433
16.7437884868591
26.7552548592462
36.2408217411573
30.7761189002959
21.7479541868463
24.1725751661618
25.9345189551586
32.7611919588504
35.9084277511753
26.7713588358904
38.3818263833466
33.4550130011844
26.1180792255088
36.4351559504967
33.8165564941011
36.9740672035931
31.7663019917666
28.8288764525166
27.239543068186
21.5764313756939
22.8714284276738
30.2384260462155
26.4869086304854
34.6067155495171
24.3766098566204
32.1414632312202
23.4023410482655
27.2624470889795
36.3625886733253
23.8343369338011
36.5225588466194
26.8271405401737
34.4680732011165
21.0523234559697
25.0336582919892
38.2105629037891
27.3403098582454
33.6430178248031
28.0888588380777
28.7950085400392
30.4195462754434
25.0086422634559
31.5126115541805
25.0743730076012
24.1262008022401
24.2749466220663
36.7676990771467
28.5472005304849
33.3209773520913
27.8834413964032
24.9901964275618
29.0938380805249
30.2725031796016
27.4890993053527
32.0140234526808
25.2882256573218
32.0308276824541
35.5803861780899
32.5402443122633
34.1827641547502
27.5240411988874
35.9372030811473
33.5929986895374
29.7959594954593
25.32469507638
25.2832656436835
28.6800885051994
28.2129704760275
33.4418791700088
26.2883307701523
23.5091343520421
35.4308171315291
25.5524404097312
31.4464402120256
24.7257580956123
14.7189624784152
21.812538316741
26.6187237595772
25.330575506246
28.3423499815745
33.261704027208
33.9185220731612
31.0190026031128
31.9947359176271
25.7422673520519
31.7948420755108
21.8368868244727
23.5893786402552
24.3247338942354
22.4225690788527
34.7938778436607
28.3582867641283
28.1870503506681
28.5548713694283
28.7594115516043
16.4362354839536
30.1684212355916
32.0314453904443
27.6261795636791
32.5458846249642
27.6554773533807
28.7841773454012
31.4512408025937
29.606655873125
28.9831185330885
30.5452746190431
29.1958633909933
30.2466791275242
29.6237371110916
29.1560269567777
29.4430337853752
30.7409407416888
29.7914166945829
30.2397035436072
30.2072133353657
30.840788606243
20.2835429958621
29.0069496616376
27.1780171769866
27.6744752051149
31.8489669312006
29.570308617367
27.4283840420283
17.0028071165061
27.4068893486109
21.0745005153304
31.3763526580854
30.4950736487226
26.2257530545379
29.9285483358236
30.2454915577656
31.4091546197575
30.1280480450709
27.3132678507984
28.5420736675833
28.1165425446296
21.7977807888084
22.7092987628306
31.9288805840068
18.9260658482565
32.7006550108024
29.3581751893846
30.908310825397
25.480806236516
29.1886523117205
28.3625916710051
29.5786534517745
29.8867070265066
16.8798938255308
28.1301154618894
27.4500310674136
26.8934041707577
28.0252557758069
27.4652429688256
31.8778054591554
21.1456505572572
25.9269371127004
28.5288962825861
29.3588712652551
31.7924970638083
28.2893568478126
26.4603840221446
30.7435321759373
29.8996041330743
26.1585533303872
29.5667251121024
17.3137988480811
29.7703680611504
29.4535022651076
15.557781328818
27.2941016111878
17.7692781778995
26.6440305177177
33.2761077694582
29.916802896571
32.361588621446
30.1476470533191
28.5954039088517
34.0962688557281
29.0949192715675
29.4253760435725
28.8193564173814
29.1582733736543
31.368049807217
17.9242197941509
28.3441098571072
32.6664734241184
37.3460536140746
25.0153180244313
19.0979090029139
27.9533381910216
30.3241041825688
18.4717727102281
25.414450008476
31.8928490528973
29.5201874404449
29.7713863072787
30.2251799845202
29.9339810366561
17.1545291874438
32.1081180017735
34.5738287964295
24.2124919345838
17.6789501285133
22.8504323732335
16.4319430893565
30.9606640937695
31.3826381819688
28.3279515308788
27.7840824374347
27.4792069518374
30.8249662856251
18.1381374411834
28.6991322397707
29.3653752998062
31.8234519666539
19.7963197374115
25.7562542285004
23.8321156968239
29.4044540372841
29.8845442133198
29.2193731929094
30.1625553809055
29.3663267040563
16.3877805114013
29.7083120568904
30.1432098380535
30.3768773524833
16.8103109439589
25.9211182619268
28.8623313438281
27.4110886944258
28.931958325201
29.7250518093967
26.8688236932414
19.9178853673549
33.4235316159937
15.6189570215556
32.1576537438486
32.3683110740617
27.0997316765767
23.1247232642237
29.1551596158586
30.3336869987158
28.0201115475169
29.4782227228036
33.2545617694826
29.313227765406
31.2983432109095
27.5686084654188
29.5903077816834
35.1604502585388
31.840578053596
31.3489290140748
17.1731619141185
32.0693931696263
22.2411192071515
31.3364056776629
24.5582389005785
32.9009377693555
19.1202119116483
28.4978834099702
16.5130358672997
29.5174934854535
23.048973591253
20.0519628197781
32.5612980945646
29.0696322340868
22.2042659582742
30.9310824299636
29.9762995139102
30.157420285228
33.0522851993951
29.3960915291007
16.094694190271
20.0281188432252
28.3320352350522
29.1828068083918
20.0733801787506
30.0022212589734
17.5529505816999
30.9290078793496
25.4302749136629
31.6550192482276
26.9469516794571
27.6968393301936
27.9244658075233
30.4445802246723
16.4644870077709
29.7174532544391
29.9455516412317
31.8363770560686
30.4924477496896
30.8076141505041
26.6212769301136
29.6673423338923
30.1523918003955
28.6710967272787
30.9169290111365
31.923278354315
27.6254280944188
31.6206150605084
35.1657465516087
19.5257401576848
27.2213962735863
34.5534893064101
29.2880947431402
30.7642333630843
30.6945744452489
13.9533584810973
32.0826266622119
17.7822586229803
26.5903273970083
28.3747205992432
27.3674991641365
44.24201081141
41.2925906001413
44.2556604895629
43.4142975511834
42.3245825629053
45.0154829572728
42.7277945037934
43.5066578293238
43.9202577942598
42.3916695630402
43.3876129198577
44.5597952868319
43.2621798843841
45.3262824452994
40.7786582186977
42.7398600606685
40.8959829198358
42.3754639074728
43.2243170985427
40.8390524427186
41.695074887393
44.9667264710259
38.9006563132621
43.3544410239455
44.290702626234
40.3955832817491
35.9415810215561
41.8281460922831
44.9846646459706
42.4579038529651
41.7748440569904
41.0532182285057
40.8133996096252
45.3516984871294
41.6182767141299
40.1105484038531
42.628639235517
45.5540524982265
42.1231657851282
38.4100806045344
40.6571027897802
42.0568905395605
42.1130184304066
42.8068704891502
41.6197250359313
43.6167577060523
38.3408673526002
42.2256667217523
36.5010504040659
41.0353045047093
41.5704141874653
43.8356968772898
41.6323846251364
41.9652641059783
39.7275071423253
42.9037984175024
40.7273617006542
43.3794886333428
44.0465668769349
44.4982363884669
42.0541171459014
41.9495090637091
44.2174849476136
44.1367424051334
41.5536671511676
41.4879875024258
41.1819053593453
42.4205092370385
44.6170358773044
39.7079259766306
43.5168695928083
43.2639173941223
42.6045297142061
35.0305966492721
43.6265386535005
44.5700255433511
44.3085508290497
42.9144884693231
44.5840533446332
44.1063936393389
42.2102077601279
42.6529244817366
43.3007801173912
34.276374869539
41.8930430808946
37.7343302392403
43.7662152754441
43.4141531235333
40.3136536783057
44.1476668127027
42.4981863682252
41.9820790089708
40.0328840945709
41.3817146990946
43.2099072554146
44.3191908537022
42.6399308546969
41.8628096109442
43.0365204066174
42.8501081888984
43.303267403099
37.0799231119531
43.6912162558829
39.7020486988833
37.8591396347275
43.7995556321212
43.4572521893718
42.6723841908971
40.9275258203028
40.776691099767
43.7420580764703
41.7613238963351
40.4439653467491
42.0658322515069
42.4566682687103
39.8524577795103
39.8815863645314
44.7048608355508
43.3214027056417
41.143131236147
40.2508003618261
42.888777503085
40.5685464049731
38.8754773337982
40.7407549117275
42.8461994470143
41.3845543203122
39.0261558211252
41.1546903552948
41.8572587780846
37.9408283241501
42.6400072718665
40.1044420463256
41.734330170895
44.2726861452489
44.5559183878611
41.8578980079557
43.5937009378205
42.9725091462265
43.6954249004658
39.6813967744103
42.2683841076888
42.3279824433284
42.5819238153003
43.8884373615574
41.0429316349353
43.8749937891922
44.7824569708337
40.7454916904341
41.1492737532023
40.9551687502909
42.8301170209789
41.5303793869383
41.0224288297045
39.687948580749
41.7434373083196
42.5225546260006
40.5655030919677
38.6052860931293
44.2106766795691
32.8227849140356
46.3909199846715
38.2913265504737
37.8395670102054
39.4695224776955
28.2892001379729
39.7120179514866
39.6120777996289
38.8731571618269
39.7878996018777
41.0302057603605
39.3665855499351
40.1889388976259
37.591002279552
38.728515438571
38.8857865930368
39.0119577235642
37.4890177180433
37.5109123073344
33.0109902838072
40.8662315688507
36.8199867479543
40.0273525915552
41.8278952156808
36.7372371356463
37.9056879574231
36.6428253291136
40.385623958542
40.9933915114826
39.3289325721574
39.6258255531268
40.0618787023522
39.6594705734873
37.5412456259797
40.4785911821949
37.9059677209013
37.543264928654
39.1748943291214
38.3950029181123
39.2931650909358
31.9914640819001
36.426072442245
38.6602667289321
39.3446328342314
39.3102226572361
33.7948630644414
34.6150123117256
40.033864556577
34.1013835719821
38.9694898191996
33.7938307834035
40.8217869388137
38.3313778728775
35.6931146060915
43.1769408190959
37.5484104996901
38.8287778499855
39.0071475301775
39.2038161514486
33.7093352001928
34.0516543210129
37.7331205775306
39.5432899812748
40.8334148639454
32.1689139445418
38.3821090877629
39.2776069994789
34.0712115863062
39.0297004888912
38.0550408391035
32.3924269147117
39.6458377893891
42.3357235543754
39.5132614252032
39.6906480994532
39.0832870444894
41.3548677890885
38.563716722812
39.308071452442
38.7000786659481
38.8942197208995
38.4715249064786
35.7731400269618
46.5276019644806
39.0748013456156
39.3782311426973
39.3424022653148
40.3977870027239
36.6494720737114
37.85661511473
38.8407492945804
38.1150224015153
40.0917701688827
39.4966973177708
41.4460272555909
38.8807199831296
38.6943509953005
37.3031132097834
37.7663769047061
37.0081673588878
37.7442059154622
41.5696765675234
43.0422140072393
40.7956015899522
36.886245667746
40.1777750253374
34.2422026988308
39.1119514613318
39.5608343298328
40.6178927411457
39.9715197378396
39.4159312630297
38.549265177782
44.4888640680828
39.2272234331692
38.9888040806932
40.2430122849868
38.4264400347474
36.7291540583716
37.5372894072471
36.9129593458723
38.4475458091409
37.7448657653425
37.2203244286113
38.8506193643684
39.9917709657044
38.3555765493164
39.3628772391688
34.1401114135615
44.9183160899373
33.9616872038514
31.2041912623821
38.2007358711133
40.0077379596267
40.5257606841621
35.6399270091429
39.8925692751066
29.6301582954878
34.7730940218666
39.5248681615579
38.7767650556822
39.4726336150456
37.3500302899871
39.547518394262
39.4557434204562
32.3668514042918
38.9397957438974
36.6180145168493
35.3271985808863
31.9774936186173
38.2577782008957
37.1232972626621
38.4165046861125
36.7854344456515
41.5770336552434
34.1547484164576
32.4816558507203
39.7130763175358
37.570516515064
36.3245079660186
35.4096096045979
39.4270657652632
39.0422298611399
36.830515131787
39.1458952949052
38.6076948321064
34.6922150473321
40.1623144146844
36.7669260971267
36.7859667400817
41.1888936075476
33.0935757950324
38.3063988977645
37.4552363393821
35.3972025947238
31.6284736645191
43.1418657720609
25.5617485998675
32.1734023194389
39.0583109730177
31.2147553665129
32.1352078516392
41.7519045367553
38.1221820568209
37.8186632297496
37.71554652967
29.3030329391324
41.176587134899
36.0269024596705
34.9168733411465
42.8130563078256
37.2891664261789
40.163655867893
38.2313954239304
37.9271903972102
37.6024489834417
40.3600775463583
39.4698220650515
36.7623000989653
39.9648070375188
38.0814353216113
38.5805137983554
36.1481518631917
35.5928987608377
36.7369905934196
37.1967398274943
39.6598749507163
46.3841449935567
40.8038260872649
39.7536441566937
35.8389249350046
39.9070211494229
37.7933644307155
41.3440420344501
37.9924230303291
37.2274980288443
32.8058196141434
34.9734406718637
40.1985240503483
33.9727949673539
37.7944295968997
38.9980429110013
37.7895808393439
39.4195953575128
36.4850512850708
40.0596833366915
37.3569349211267
33.4676898255982
38.103530002359
26.2248000038726
28.0942798165517
29.2009919890897
27.952591810294
34.9701145681671
35.3574603007505
34.2725163101118
32.1066634672376
36.5503534994641
40.5848322797949
39.4717819142929
34.4834284362055
37.3243364966714
36.7833822350094
41.322745072487
39.1765932131675
28.7574137104922
25.8114734143571
39.0210825445542
33.1506262801945
21.970224896399
32.2406597443211
32.6845504766397
33.0617267381446
30.3644807434005
24.8608848066869
25.9348958907335
35.5336485168645
37.2557312994579
32.4984573260808
37.8975444116396
33.3686686445963
35.5157017884533
30.0437343988497
41.3939416833863
28.5527465940498
32.898232158114
36.8222511688726
30.4695939948606
37.8372032464227
33.0369275838179
29.5679644766816
28.2096525473423
28.1292100206454
35.5334989290971
26.9095162800179
42.0407736103403
28.4061526738965
24.2136290374211
36.9494160529298
30.077025441278
38.9518834070286
34.5911174001945
37.6485533910289
26.3595293851467
32.4852102470817
35.733581652613
28.1618933303683
36.3657651364597
29.6862949856585
36.3555122043351
37.9905682145925
32.8713806699841
30.3849226432787
28.8244795971611
36.5054055314871
31.3890948372406
32.3162943391778
28.1014446405884
34.4884356996152
30.8420262362664
37.9214035850504
30.9041663131034
40.9963349583065
30.1325294383783
27.3366682525847
35.7110645737546
36.754153231253
37.4874431958334
29.1273713043328
30.0641311669181
35.4190091285133
37.0787098910699
38.5912367881293
31.4227820057121
27.423862169444
37.0234509572158
26.4311855257237
26.9221688923524
27.1173411682397
31.3645995732632
29.8644339631654
27.7064079754089
28.0289180568535
22.6537912096542
33.5937569770826
30.5537896421945
35.2137378657746
24.6413222358955
27.4064566259421
26.4492580728667
27.5786188800063
29.3702844511286
31.8393610106974
35.9074283359808
32.8200449354689
29.0203588445541
30.7840733191084
34.7045050706702
36.5079330255234
37.1099103468135
37.6803243795874
37.7352722222493
25.9957276770021
34.198176274047
36.9528656005298
37.7052559462955
36.7539822050951
37.1713976018508
37.2719570222737
30.0938958753018
33.6617599408131
31.5932673240563
36.1987573102454
36.0934349786756
36.2504655602252
33.2640513105037
27.6510010630212
35.4371901327023
30.1813621409211
36.1363357376832
38.2725446576246
26.5833760261218
25.282569796391
37.2114545606386
32.5234657254083
36.1543590717198
34.816417887936
34.9085505594237
37.5596449217594
28.8894982001189
36.7997425241172
35.9569385163442
27.2767197952481
28.9003056468975
24.1163865851711
31.3106933479289
32.6174435987541
30.644266373395
35.6861965085505
30.9973074896954
31.2750769373283
36.3394851042795
27.2008754837613
38.2347306213794
31.1377631298739
26.1910992674386
30.9123750767195
38.1344624567764
34.9378640052342
38.5892576572206
30.9290665783422
30.2183447658969
28.3526393325141
34.6482520953068
29.1926647595584
30.5172678035641
37.2828025968134
40.7910588489698
37.5421998956894
29.405332745216
28.0339360681305
25.6331343469364
30.6257336254402
35.8660429299974
29.3171782550868
31.4319654371585
30.4324676991305
32.6718038181666
27.4245499692059
27.5595336257175
27.5210475790971
37.1938203998101
33.2295375102176
30.1270223867324
37.8791493451449
26.3522460274136
38.4701111327413
29.163960545243
37.581922293837
29.0894726390933
26.9514932213245
37.3547539961976
28.609663192627
35.2619263996459
34.5755962682269
28.7083690031062
35.6548647435736
27.7032596930304
25.2696735873654
38.846960714732
31.3062532469276
34.5676596651453
32.9371263665556
34.9752287671563
32.9019033959322
32.2411806639326
30.956340881855
36.3219369262233
37.7567818607723
31.4209745618846
30.4364305031217
34.8826879187993
37.4946939041223
31.0274307843394
36.8143615794851
34.296831283539
25.8219522080335
33.9773954246174
42.1874219827458
25.3007192964794
25.879428970466
27.1848401043925
27.8976048311319
26.7800539104112
37.4178600828819
37.0367335207163
26.9617446139788
39.0374868134221
41.4127776286425
38.9711594311804
37.7415220682493
41.6532093878148
34.2846192386301
36.5205720504459
35.6396079850179
41.4755054415197
40.971740391511
38.0536411690257
40.0505087252498
40.9043394323505
37.6459814384623
36.9997418283566
29.0857628321696
30.0916179910986
41.254306992611
39.9377030687263
39.3675140051085
37.2878700139135
38.9938408940538
37.9789972813446
34.2671797169005
41.4016801797318
34.9581275067527
39.2141018997375
37.5465699548377
41.0418005695206
38.1225915693133
38.5091269177922
38.0893095203986
39.6301405428694
39.0404197218554
35.0299294208277
35.7896534297893
39.49391505448
39.0427290105953
40.6191698600746
38.9667969473227
39.5505113857286
39.2370609208973
36.8865239355208
38.5743509175705
33.9011226965282
39.4593129541027
31.3028255575437
35.4886100474266
28.1650451307466
37.9926787749064
38.0537288482906
39.6167221377235
39.9655035856971
39.8766023937987
36.2327631030232
35.5762112513495
37.5942002865094
29.9907577448893
38.9028231901485
32.5866974865163
29.8896274779818
43.0729112814208
30.1649773811299
38.2344680673302
27.6352526671202
31.734935994485
38.3115929146622
39.4144921464272
38.1217276023093
34.3415259548176
30.0546856169645
31.2510909226258
37.7089013308607
31.3930424822967
39.0955764884519
31.995641428162
35.8428179194547
30.6419106346888
31.975306462888
39.0445370522212
40.0127844691915
37.4419998058964
31.5094181493082
41.9803523632546
42.876523639294
40.8085458975608
38.8946477164476
30.6816491131782
36.8772418683275
27.9471448454567
40.7138649461615
30.7717073044673
35.203610485402
32.1471348554041
39.2124211892087
40.2319810820006
39.5263754525219
38.9378550111942
43.3325190335218
40.9767791113165
40.7770719374922
39.1900616775476
38.5670947419632
27.6398262066338
29.7204962283358
36.8280612598818
39.8527575756636
40.3053292866121
36.5706278858374
36.6118484700604
29.7359168531732
36.6673678481714
37.4064875459881
30.84862014608
30.7163604388346
31.3075660303927
42.9219834127884
39.9584968206333
39.6435064015707
43.5347688018994
32.6121965702275
36.8287652857349
35.5893433137675
27.1700528591186
37.7213426592184
28.5921713158528
39.4716148065504
37.3710494415839
39.3598247358307
42.4737290855169
37.2674898901833
37.92290149261
37.0961423485452
39.8767780413718
37.0964206901418
41.546151252899
38.8686137108643
39.4266310217744
40.0607755395071
29.1719529593064
29.4474360556653
33.3642708400529
27.6653181883943
36.4070370686449
39.9251352673828
39.5259571800971
36.7092750358223
39.3189357419054
41.872408014908
28.7035895249722
34.7154225053287
38.8185358614538
40.6116577641929
38.8167400291243
39.6024402624285
39.1816464552625
37.8007658195656
39.3967550545994
37.6172126100084
38.3311458175349
29.3855853601213
41.9299476191821
29.7231089301546
38.1996170907431
37.538058346765
38.8153624968187
39.036021585094
29.4033599192911
31.0711963626771
33.5091046694042
43.7398248385645
40.4457282204575
37.8942993661321
38.0886465291255
34.7696144357639
39.7556082491933
38.3315178370345
30.2299812332511
38.453907027722
39.9420498904041
38.5814798981718
32.0066998087302
34.1922534219077
38.8604587121538
37.1042292880731
37.7401172569123
35.9495716545107
42.2769790124392
39.4342659209588
37.208289458608
30.1649719157105
33.0676565553769
29.8291384136325
29.4435875814806
40.1480516811636
40.0870896042425
30.4653300053741
39.0424924227912
38.1539073059861
39.8622941596487
37.7027608821278
40.4245112524497
36.9493369137015
38.5828249563673
39.6078246301686
38.8527594762184
32.4293151545915
35.7674272499737
42.9070286973478
38.698687994857
41.8743129239618
41.9494362224191
39.4139432678261
41.5474119035182
39.8842831008493
37.6181801552443
40.3953808023919
38.6015002651989
40.994427092674
38.3619976012806
39.0146226782949
38.4550210374052
38.8454132783267
39.7535757257818
38.3887295337593
42.1854645984357
41.0777644630078
39.3236790164941
40.9493069963916
42.3608082319389
40.1845255516964
40.8035986588189
33.0791578055156
39.9035087400572
38.5757043010491
37.2189743077541
37.121150732083
41.809306988582
39.6493070326138
40.9725393925708
35.8137117887209
37.3079608974611
38.7349942161352
40.4731969626775
38.3007668187032
42.2520951718006
41.059360146347
35.9006648683625
38.9637403971915
39.0398493964679
37.6846772952977
37.7979860818541
38.9738021718611
39.3418832542007
39.384516028122
37.3601453414213
39.4258920782241
41.1682652805094
40.9940428530208
40.229887146647
38.001575562337
40.3121914412266
40.8121005945685
41.9986738303834
41.8541941148883
40.4133806476969
38.0802537306076
40.1209800296002
37.9386297321422
41.3600968965856
39.744445215217
39.7622811823531
41.1579641963574
40.612823390634
43.8190172200546
37.4687924883537
41.1230563659458
40.2537176445715
39.14919385372
40.8011469795771
41.2286248634873
42.6148806206599
40.4372010893932
39.9755728337328
40.3832806917814
41.7412156773861
40.7006255267456
39.6714476893124
40.6062678235995
40.7785951281332
40.6660800801347
39.6042883660934
42.2220526350128
38.2251383704546
39.5614873666896
39.9915938442846
40.9195324096995
36.9989515354742
40.1214369220842
38.8907002648735
41.2713277304467
40.6744229498176
37.08590911621
40.9582962516963
40.3280366427036
41.9352427310765
40.2213195087353
37.3144976957715
41.2600093118327
35.9721758668598
41.2611437682575
41.5424383402605
41.0244773445066
39.7773998764085
39.3126922985717
30.6237641223013
37.5393118460587
41.7005908398734
40.317570757517
40.7420629790043
45.6893577914496
39.5282675638496
38.3079612583119
39.4439929935048
38.5298329187151
37.3596017611589
39.8644899144807
41.5045588378703
34.4158136017479
41.4863014737949
37.785612739696
42.7488054395439
39.6381610130517
42.1865701505053
40.3624405556381
40.9661449040438
41.4725277681403
39.9006278179061
41.106364880129
38.5737265779782
42.3640644989014
41.0307080958326
40.8537924652688
38.3222074442841
40.7477940361135
41.7972590561452
41.8277095341582
40.3652437132905
39.7311968702279
40.3057071839835
37.3524253863178
40.5185160861081
40.5849953961348
42.1155239281237
41.7117808847122
40.7075956707295
39.7158521131446
40.7342482651463
39.2763999680928
42.2209128026817
34.2720497310827
41.9536678552234
41.1394950827426
40.0256219355299
39.3992249245728
41.9094040036706
42.4929197930946
42.7084555290246
39.0280273514495
40.8033600131401
43.9300772533486
40.5522834341025
40.800914870782
39.8725510485713
39.8734731888077
37.9893393912527
39.2016059664622
42.5575305354623
41.7196067680964
40.8283259016776
42.3397745430563
39.6205417338388
41.1253620457114
41.8233494232115
39.3073347388385
41.3803180266631
38.6343040153691
38.3534521258044
38.359221406605
39.0903829360553
41.1322135951188
41.5484000064182
40.3731756281009
39.5791467335026
38.8345265630693
41.1987235706121
41.6508452979224
43.1318773031364
40.6242260862424
39.5954529172756
34.3157995712391
41.1592194650798
40.5815811683035
41.6283166757714
40.6571223412473
41.2791077150939
41.5797374683502
42.4460701366248
39.3315879649782
38.4956138297587
38.4767986576183
40.6419786458007
40.3151075674462
40.8190604328323
39.9307222381927
42.8163519247812
40.3821237189705
39.3754566395457
39.1716816989435
40.7752522024598
42.3332873381083
41.7431137281555
40.7053136850623
38.772805778988
40.8000581251384
38.6275674182515
41.7405891457315
41.31816481323
41.5482526995141
39.5991474073269
41.2225181539462
41.0407117530464
35.4040783646559
39.0623494359923
31.7754863702915
41.2263126517295
40.4481721741797
35.0760440099925
41.103146923061
40.3744399943828
41.9315116592201
22.6956371467983
20.6168179047538
22.8042743581361
29.478648325391
20.0611678762373
18.9122463413988
27.9619235813281
28.026952382808
28.2409142205079
29.6120576667991
29.6766969365957
30.0515984426762
22.0074251162837
28.6489385529575
29.4038245689487
29.1475157338866
23.820964615379
29.0704958866808
25.8177526095625
28.2409142205079
28.5773423531011
23.1294037129944
29.5630442980123
27.8903848521839
24.1380218846564
30.2381460065508
24.5514008265363
31.517275746018
24.0914986516198
25.9392632360801
17.8583638004175
28.3845111629836
30.6104455372113
23.2405138726956
30.2509183541571
19.8713087971512
18.9378604235999
19.7724562802848
35.2534729886093
25.9371845918548
21.6347006277917
27.7953762260089
17.8752350883119
16.2959502188777
26.7612542582536
17.7966163188893
30.2313041668061
24.7241105242611
22.4223835961136
24.323574870473
19.6652379023757
20.7247568417425
19.0290809703658
19.1529168636783
22.3760525753209
28.2533989331259
19.2495880387901
21.4797554979935
28.672708267687
30.2604916721819
26.9392568427912
27.4997842882659
18.8398402020284
18.4185124673316
18.8207902510957
29.0403277472154
17.2937540022363
20.9446921094054
16.2872126637978
17.5766292498574
27.3014699043347
25.1423510949355
21.164286554778
19.6982150465705
25.7403238088485
30.6827315116997
22.2836038390093
22.0082019979163
23.8906805954754
20.4144945133852
30.3695434326121
21.7229220899277
28.8882703466254
26.1092106140922
28.5351678549315
23.8396320289785
26.804537337594
17.8863009153221
23.8894055544103
22.0440977388483
21.0559587675975
26.2329565250372
29.781659127271
19.5506172444581
28.6681900594588
19.2033231078245
21.523830421494
29.5684287169345
29.0337203106165
30.6956260268338
14.8780569054716
18.5262162599339
18.0082763559129
22.4074295056867
30.5962152449499
18.0390636618921
25.3016915351248
25.4004649861187
27.257256397733
29.5135059978709
28.5955822221332
21.5338204661631
18.3470028039846
25.1277946871527
21.9035386180484
27.8272604692959
22.7720128547781
16.3099068318284
28.5163625173064
19.6220411376885
29.0909659996773
21.0704697097949
21.0413118974387
28.2271369919311
29.2740524417462
22.8682440335214
18.3548088158653
29.083789049395
19.3105810582717
19.4913819855708
19.2277616482743
20.1935370614865
27.5718904596512
19.3147552238017
22.2393120530567
24.6012771442495
22.6854136993218
29.9600132662386
28.0116684591862
22.1317019092819
26.8529253879026
21.4516030924811
27.0101855970571
24.8158513574121
18.2366566199231
19.6484249187698
23.2522136571783
22.9742182504359
19.6676774575902
21.9984802957609
19.7054388550682
29.6235953321265
28.8249600850499
20.1951482871415
22.3569268251291
29.058425939894
22.3049066888292
24.9303200124222
29.2782504275444
27.6539406503524
21.9264505516122
25.3188717675272
20.9748566936282
19.477832013261
22.8537405343655
18.2775231510338
23.7317758292838
25.5348641514934
17.0078604082847
20.5001539506869
23.2655298148289
20.193927143078
22.0659528523995
27.4604810922114
27.7122534330896
25.1635916217796
30.1092626432236
19.4626839049237
22.1995142178048
19.9088545633848
21.3427603579318
21.9037904379317
19.072712756503
21.0793342962636
30.3544378949078
26.4250785572062
18.9090103557335
23.3876029214618
17.6451068248863
21.1856104029186
27.9724630916363
24.1963980753339
27.9081070319708
21.5967906572338
25.8376452105332
24.0841089344536
16.9576188844768
30.6181870280077
30.0159036775451
25.3762728399979
17.7784844516479
19.7876796273676
26.6372249879405
24.1940214049049
26.8035612284106
29.357266109137
27.0455712262002
18.9400616414999
21.8100278783324
29.2999125114753
28.3557952248936
18.5151400572041
30.5915070971604
22.2300726281927
23.1909114646236
22.3572066929246
30.1023183723989
27.2726927917641
18.2121255235409
20.6292539479079
20.6091247256433
20.8559078367831
29.2284072577463
18.9461246596379
27.7270379301183
19.6610043972444
23.1848334636517
27.6343382157848
26.152405133226
22.1894025471419
29.2838297816142
27.9254695142572
27.2842261705197
19.0120293256912
28.4238160363879
29.9117238501551
29.6762129318473
19.1502361853643
28.241996688878
20.4469289206207
27.1862866316894
22.1523410969583
20.70860473399
26.5199908183128
17.5595264563918
29.7571052924294
28.5241966281442
21.0940698533653
22.3716254660383
23.2591289682304
20.3646981246103
42.1062941641334
38.7067461512234
39.4276996611306
33.2785654228357
35.4553709809067
37.9014734473604
37.0929508461204
37.495234176672
37.4096066563617
37.9805424599435
39.7476208901875
41.0791789100981
39.3769273604153
39.2210135773891
37.5697159566199
39.5664008614683
40.3856738538707
37.577384499045
37.1582124008796
27.6604096706003
39.673679589246
40.647627418276
35.6315399033312
39.1282589350107
40.1589892823061
39.7663848079865
29.2465381857651
35.9247390394447
38.4560845168674
42.121172485492
40.1902344546653
41.4353377800367
36.2825635515219
39.81744114839
38.4849363231875
39.4206678821234
37.3491945421191
36.7566723002115
38.1752791977134
38.8003540705908
39.4299354578049
38.9058548932132
34.0176571826041
37.7407345383756
40.6342222008876
31.198063508307
42.7789785084264
35.6514240048132
33.7071741277014
39.5205675339095
38.5869307992367
37.3171643064455
32.707288843203
38.9964886680441
37.3878686019483
38.7243526786406
37.5107699442225
30.2644034345418
30.0170938758509
38.6229105796557
32.5350333296062
32.9898035356326
32.1619980055154
40.185661993391
38.6232191247492
34.0918141383328
40.0258654092454
36.270389726479
36.6997129017979
38.3582301507651
36.2762016513621
39.6870797566056
36.4678128501748
39.3787715179801
28.8711835560969
38.3750501955821
35.8553847665487
33.8765059684142
39.0637787219992
30.0889392026196
36.0175897623642
38.5794232753529
37.8470452305519
40.9000939043209
33.6040162345605
30.5717958011951
44.536531579357
34.8146308967456
38.4495373431068
38.5740886608032
39.9905081683693
38.5789526040245
32.683105453844
39.0861642483812
39.1705958295896
40.983023350959
38.0795918496016
39.8530015587452
34.7646033859257
37.5879741406219
35.5789992703865
37.2437056378142
31.8507109720774
36.7811191926989
40.4232931258434
37.9142991777369
35.4245585340761
41.1474533089539
35.5454766277179
33.1544834338915
39.2291050914656
39.1882366238654
37.9299014536128
38.7328900004615
30.3389867493543
36.1641122633306
37.3982205873495
35.4491343306784
36.1565514057075
30.5006479009779
37.9531780996093
36.853249373452
34.3816421277311
38.4201268642307
34.8881227452272
39.0550438493213
41.7110645548526
39.1230962806854
40.6531886346463
40.2740529062407
40.1591309442265
40.8122544125761
32.7501642416394
37.5877570588288
37.1003311193522
32.4464719525824
39.1703072739522
40.0911610450197
41.7105106018808
39.2802435626654
36.9904498930571
28.959949182933
39.7853149187527
38.1980181850698
39.1524686955507
37.7498317604614
38.2699405322042
38.0563320135861
36.6398278239753
35.8531231291129
31.0593177104977
37.6128930957288
34.3665004708676
40.6593579012486
39.1029444107232
39.609232013959
37.5061846121854
38.0426800381112
40.3592926821028
35.8080878552393
37.8729087909052
36.2097819529655
39.7378260027134
30.0626654313483
36.6771648059442
40.0362991056765
39.7435242452112
40.9604737743124
38.6434777338469
38.7450471698404
40.4145250340045
35.1522035615448
36.1600850280151
40.2952466254713
35.6522467723059
38.3202787230691
36.4616833245801
32.1623617271664
38.2243187685593
34.4850105089828
41.2782307591113
32.5043451745113
40.8779116161065
37.6036888857811
30.8089645423856
38.6862676997419
36.3026720222363
28.6358912421792
40.4478442853132
39.8881424295999
40.3270709141175
23.3596270756048
32.2208185095537
31.1228527075772
39.4603466620876
39.4856079828586
39.4653108378036
35.6266556342729
41.7923098999682
37.2726170464135
38.9991704954966
38.0516298188496
36.2593918501083
35.0497158362974
39.116486976268
36.9548072071352
37.5911270653075
36.7256739094153
35.5251688798865
40.631330377546
35.3359075983968
40.0119507989262
39.2547092988496
32.28204828305
31.4891103278312
47.3920803188538
49.1462303268954
51.2958296429167
40.7709198204237
46.4805729936155
54.3094389139693
50.0205766401601
47.6023552617185
49.665047749986
49.9345727797834
49.2762703482632
49.8578381017188
42.0357253080242
46.8791056490862
49.881509685947
42.4171588413197
36.6185656237739
52.0663784582482
48.2865063381896
48.8706931156442
45.8110940064789
49.1475106705043
47.5527907600248
51.2221552254579
49.5155739232501
49.4120876656914
45.2715574768969
47.3043100110413
49.3982179658983
42.5595349328226
47.9337760291473
45.9913240436915
46.9594509423703
48.2906020669386
48.4419915203253
51.6799250256226
47.6636198129655
40.5139009353384
54.8434264912639
52.1446313568083
48.3924636267179
49.9003024286834
44.4757958815414
51.0818995021125
47.8089551163242
42.5046291730369
50.1149465327721
41.7059983757755
48.3780427243499
44.8882657540456
53.2459014395702
49.5130602089485
48.7826475800052
53.3755054722553
38.9982735919239
46.7143021499669
40.0496013754229
47.095247066083
43.2070345561797
49.621035204359
49.7461894705758
49.4006865116271
48.965595215467
41.2427688555708
44.8377291615921
37.139958211774
56.7308747232475
52.1849764693234
44.9048696017839
45.8600812100411
54.4737159243123
48.9274902300779
46.9923606994817
35.5121266544279
48.6169395931219
43.3472556493878
49.4066462593122
49.7009489672345
52.0644985774205
34.3951360172352
45.0871977561824
49.2511966174509
48.2447645121794
45.5096864436999
47.7760210342228
48.2740767933761
40.3510547166329
46.1108391178551
48.3297631575603
46.3149898332799
49.1227522006836
50.0886747773455
34.1392119541733
42.0694133771444
47.78169311965
47.7409072802817
38.734294933983
50.389176829558
48.9551061850111
48.2886486894201
49.1178609989199
48.5148388872779
48.9490735174039
50.5255792636948
50.6664820954649
50.0396566009933
46.4865825568851
47.1515292383533
44.7216558161377
48.5124886857101
49.47396443269
48.0583528607071
48.4786962094438
34.7227521938811
47.6164448799464
49.4903340676417
50.634136180557
38.9827061643033
49.5977611809206
50.2419238487346
47.4011099898931
39.2020835879807
48.8517846333065
50.884420427082
40.5980827468937
48.157700148112
56.0661763824094
51.7654730524853
51.1246692369551
47.9810285950225
48.7003097003993
54.7346802464557
47.6407051592602
47.3544219563295
52.9741194212825
48.5154202716824
47.5651796700908
31.8131226339323
45.0040686616517
51.0916405686657
45.1849162434057
47.7932034752389
47.6203291387563
48.8090837090505
42.1859446260171
50.1853263490709
37.303417735146
48.8786757791287
40.331256039979
48.5479129486057
44.341291628496
47.7968775316447
49.1898940307859
43.2448025286248
41.2254439094164
47.0844589843152
49.8282586890058
48.3605513084232
44.150818498785
49.3703371997476
51.5204379569866
46.87657270992
47.2587812227557
50.8431285413129
50.3860151819691
51.140405867659
50.4786847714422
41.9886086450941
47.8443916289665
48.1630045213174
51.040781515417
40.9571189105443
39.8542457235088
41.4258478172693
51.2854211519301
49.9624997955947
46.6138028582994
49.6835119604428
45.8106015065656
37.5071969039022
48.9901154134776
45.7940363804034
33.1125737737982
47.9118545940045
36.3608469893347
29.3749387147706
49.1004572507714
51.1083446374167
53.2561047484945
48.3879249447931
50.231838401741
42.9941420982568
39.6784355149696
48.9583435394619
51.7232535764138
39.719370657506
34.5197926596034
51.5427805789804
45.9713676033531
38.8771094616479
41.1576723233502
45.9464049568772
45.5216807418
37.4711644881027
43.866061361372
50.0789230564872
40.0347041796665
42.6213835916294
41.8668211524761
46.1859482772635
53.2583557928125
50.0960784401719
51.9595597864123
45.417199264048
51.5505000860073
46.7838879199511
41.859908565311
40.4161948665039
47.7049164844705
48.273778847394
46.8738158357777
55.1099929660993
40.6837948616945
47.0545788676405
44.8824979246071
46.9593984428062
50.9387977975476
48.785563930077
40.213947504856
53.9336824560551
41.9722752159011
46.9910712649215
46.6513942336419
35.119122516504
41.2382782053902
38.5090208615171
48.8868969727434
46.8908198607117
46.5508617827651
45.9083045677169
47.767630782015
47.6644478114871
19.883675611672
6.3863013363905
16.7091951774211
9.24445092134688
14.0408358343096
7.1706157757512
8.41720366919455
8.62956692747107
16.1369720135082
11.6163598112273
8.91337453390257
18.641707975097
7.56767538241772
7.66795836227801
8.9763403071175
8.14919229466213
6.86875789389472
7.16535780218668
17.9591776129643
16.9876280010775
18.2510238768557
10.2018652251636
7.65470839552336
17.5007958091485
16.0926666950867
9.86192013980995
8.62941532630798
9.23419960444803
9.51450023386428
8.15080897412692
16.1482637023902
17.8083911263307
16.5122064221357
6.94771346397093
8.62733334005314
5.5365783235586
6.27784215290124
4.55824016714994
17.1691713954868
7.12709737414171
6.92469220683336
15.9442096013094
6.93509402603074
18.6905863690605
7.50097560791657
7.50924866092704
9.54251709229164
8.53320802058423
8.93058211258783
7.68002490137074
6.56977333300261
4.8747971523866
9.77201401901626
8.68098710796273
7.97401638542038
8.72921812520189
8.3039900698749
7.20197382136986
1.44403508181768
11.4111651031806
16.4724785936194
16.845578889935
15.503243657507
17.0572374629876
11.4314132756367
8.75771639090317
17.6289731472476
7.40824424694318
16.0656470625075
15.0695789010227
6.26671916463741
14.0310506885154
7.56564206509205
12.2593821064935
18.2957270272809
6.76284583738972
13.2726043487703
6.86548559078019
17.1921313105902
18.4206142391681
11.9655678298958
17.1274056664964
4.97944708304618
10.7639709965068
15.4602209566086
13.5269197758518
6.23206152145861
19.1323118131994
7.23281135972667
7.03498152019029
15.7052452913619
11.4965720499724
17.8179697229047
15.8932905152933
19.2912533796891
8.78098971274044
7.79425834032957
4.18540127079855
8.51320540040404
10.7118576036283
10.7839452940934
13.1726710647589
9.0863860669586
12.2861678807634
4.62699464434087
16.9852078054351
15.8497087995933
15.0834702578946
7.76823159673075
7.10322441599663
3.66380781072012
16.6745288098566
8.7762841853698
7.14052023485161
16.04069093126
17.8219623900288
14.2068154631507
9.89562776307903
16.5915458934286
14.6033679155795
7.61826905789512
18.7604925977238
16.9130042288977
14.559672238268
15.1356897769745
13.5991586460618
17.6417242316997
17.3668093151463
12.6906406250976
9.83040135040412
16.0273786483001
15.8681451005091
14.5480757100362
7.50920298025627
7.75135800483027
17.8363656898779
3.02089741164009
15.4012173472227
6.95322959180199
6.88122401133033
8.43976889458359
16.8189457809746
10.3287822418282
1.99735410241762
15.1405834281652
9.7020852051863
5.60463184999437
7.48915748209055
7.3034437023079
6.74152372614429
5.89527780888282
5.60398883267881
6.95905639229217
7.45548110974827
8.35397596207289
6.76320485112381
5.83148801840457
14.8375869293228
8.93334790635453
5.33683541570752
8.87677518484136
2.80151892714323
5.78106205346573
5.23533462737571
7.4656885581752
14.540330909555
4.48334002985879
6.46813209564569
11.8723629137169
13.773322085304
9.21533280620783
5.62277889817491
7.44009446626614
10.8037395826253
9.18071699522902
3.2243729733945
6.47407638981106
8.04099003949177
5.52247610013237
13.0619883825123
4.36892750408468
14.4164167410767
3.89782819816936
5.67219283428922
14.1427418697642
8.02937797214363
12.7382286278423
9.20381495061734
12.7120301931423
4.65221401302161
6.50016742095878
5.86185860546198
6.26513015079568
11.5822196110238
15.9747333121757
30.6208084713427
36.5272050609454
28.3589579287913
33.0572401303327
29.3636285822858
36.4992664088973
26.9931661178001
36.3423373431887
24.0647766962075
30.1228425146253
27.1348162234124
38.3180702219924
35.0114955719358
34.3704561150279
40.7122964301933
37.2901726965542
25.0584445323846
28.1672886270399
30.1486761789045
28.8398026853349
39.7593565759137
35.5484954026354
39.0031616374175
34.7758916066073
44.3125772877742
37.2117406362089
36.0302558803594
28.9212799380554
38.0798661000708
30.652322306962
39.4904917469172
28.9122551959716
38.861073253957
28.7253353784545
30.6506597151091
37.0316637205515
37.9226459742671
37.4510422940803
37.3119767322607
38.6534483872118
36.4830339109189
38.5235640309978
37.9417642787877
29.4025604104906
38.7532461778051
31.5996269278043
27.4981500189441
30.2281075820566
26.5667266204707
36.4401417923617
38.108215104272
35.0760601719532
38.1478894998354
38.9867059231765
35.326033789526
40.4636775404134
37.9192936465861
37.0751432784171
38.9047217882381
37.4277604708736
34.0478988223306
32.3734434535155
33.9710411281205
35.8099034960209
32.9215605239342
31.8192494584305
31.9566109697926
29.4148586370849
42.0243817209893
25.6481436186419
40.7734639005606
35.6725465776607
34.1723933582634
33.2862300766174
30.2895913421687
29.286282389808
35.2277166986125
30.8620341533647
37.4874414866237
27.4815337863096
32.9567496628699
28.166322362541
30.1426227274075
33.6155598255535
28.0995735837677
37.5786444601537
37.6061915059618
34.2850813021641
38.5703038697975
33.7247414393282
33.9406728201317
29.7969177664924
38.1655655154261
36.522824056611
37.0630294303264
33.3884647332127
30.9016689077739
34.9955970154164
38.7048232773605
26.8937920775629
33.2084734535956
27.0764441294076
28.4581118545797
34.2706438156022
24.7162702293831
26.7432123059394
35.2148958081099
35.4483515964389
37.1566550096798
32.5364349998356
36.7378884339175
27.6164860009956
30.7095687073697
38.2733205052415
37.9307369051094
29.1414434696655
29.1589684466478
27.868690956483
29.4184653924759
36.6305948805335
24.7225608501059
37.8406939403931
33.2612522023742
34.6644227455058
32.69569622568
29.8651156872094
36.4493625216572
26.4747702847614
23.8244123394908
35.0438030123487
34.0085190887962
26.8366650965824
26.4989286724652
27.2801228033582
33.6523307393814
33.1469596522499
26.12370662723
35.4753207105856
36.4387277191358
35.8889020040522
30.7723197720407
35.2750321560918
32.2248218211894
25.2183423604492
31.8041913719959
38.8616937041425
32.9984428008386
32.6673634856553
37.5330903927724
26.7163985157849
35.2447824293628
35.7509381004369
35.8427124200001
32.3816436060659
38.5487884947399
29.465546577961
33.9786091349658
24.278687819156
35.6180153656138
26.3903544789225
27.0667750350084
29.2494938809115
29.4960662052283
38.7147779925732
29.5316001903388
34.1653608281093
34.4556475512122
25.8481765049485
24.7507571525066
27.6395645632063
43.8034249734462
30.7997187545366
27.2184753809217
31.3217615542076
31.0875148119497
30.7473543309009
41.1275057802019
27.2409536997209
36.7782426580043
26.0318677803737
35.1088468609236
28.35838275406
26.5663511267226
22.6966567092132
29.2287515188679
27.8743701710158
39.1418370070336
37.6241650226164
28.741086416376
37.8745549418691
39.2487948493433
28.8631829429531
23.6678005362646
32.9032026325849
31.1465415999132
33.4408918341012
28.3383332193838
35.4743641287781
36.6005834390276
38.6555737603903
30.4842725323876
36.5985026299728
33.7754503876242
25.130882163224
35.1944291619207
27.0975210065838
40.7894388948123
28.4721264158101
37.7871307769699
26.4471612685892
33.2891151871389
28.8169937368849
24.7726036263458
37.6107636014307
27.3887383612043
27.4410823520852
35.8247814617969
30.6906699289681
43.3865340122257
38.1805357330382
28.4704310676069
34.5175167410983
25.8139344751384
33.974083489431
28.2726519190103
23.8341428902446
39.0634547252312
29.268740287894
29.8783112291901
37.6260508046804
39.3704659523405
39.0898522275057
46.8087714043963
46.6073489684781
39.5740447203113
22.4917396767813
36.8389302424758
28.0347519371429
26.8110759278168
20.7448799625047
44.8942292181809
39.408871973269
33.9583214532179
48.2828368374068
23.073995766104
26.8077220658656
23.6373636800357
25.852736571613
25.2037165925547
40.4289273708713
21.9231858437919
26.6559747979746
26.1396461594917
26.5860340632824
28.4377270459493
35.5697851841794
27.4921140250034
27.8805995705676
37.3472595745446
21.936535667189
26.8011146220386
20.9560753941738
35.3986498727439
20.7093237000851
27.7275662981851
26.4306986336929
26.471882745655
38.9513711048336
22.5453378622623
27.6830613555085
26.0679370933224
26.7636048682862
25.7885193539867
25.6048692328655
23.5740080629
40.509382594758
28.0928857560994
26.8284565128461
26.4213739072801
35.9034673554499
25.1005267413618
28.9315654358304
25.0029659102929
27.3335290007529
39.7180645286473
28.3455422448458
27.8940032351221
27.0012786290538
22.9714317264464
26.0654414909513
27.3789284873668
22.1754032220175
28.04821735934
22.343668133764
22.4714871851681
26.45026961277
20.0626763481387
37.4024110480941
27.0172096944749
35.972614859096
25.8065423607008
28.8355700806801
27.3468504505826
27.1335857976461
27.8530871004076
24.2232544061309
26.8475739262269
25.9097866698622
26.6594091537468
22.4133402011813
26.1828755723634
25.8407134852597
22.2198561498618
21.7059397036773
34.5838315311531
26.2679234979385
27.0079116769776
22.9784339728088
29.7567801651187
37.8875746620901
23.0886976478649
27.0626907701902
25.4843700346205
35.5487066903556
41.2410237357317
21.9835182333969
27.2600004596599
25.9025824326553
31.5581163350561
27.4932466633997
43.5879614648434
27.2747109053161
26.6756457266872
27.0746474970329
27.5807070401687
26.5047520890904
39.0556754704299
27.7422763643555
26.8540608906448
26.6746850164438
21.107741952458
27.3756393545899
26.2922661213288
26.6819888332812
40.8347022375214
25.5754916661045
26.1680683843613
23.020904348167
40.0329907264042
26.7646389224463
25.7584630138761
26.0583467960869
30.8050094122606
28.0816132865974
28.2431257882378
23.0695201152809
33.4184489583062
29.7444963690795
21.2599905018998
26.4809921509751
47.4910829935749
27.4120786292632
23.5643931926547
22.1899367650505
28.7723009214444
33.1331722835275
25.6317438296179
25.8456665245266
44.5382181532235
26.8515573314622
27.2662763976989
26.8535873348176
27.7002544445999
21.710657030059
26.6611664006072
26.451503129559
23.2816597399323
24.7871568127863
36.2959704841008
23.9797830996066
23.1065122713151
22.7866271142136
27.7503265546799
47.1833503611972
27.3179152594874
25.6834819582063
27.8872107385259
39.0120027016525
25.8139784205688
20.9868923531761
39.1000748444185
25.1612211891009
26.5359132382207
19.8953690604474
42.5834902867526
25.6334185649191
27.582674148813
26.3754224993793
26.3634018156763
22.9058317719787
25.3732071725958
22.5491611040898
27.9336129811392
22.8116116439931
22.6610348121791
35.9992004373461
21.5786654754206
28.2427088530747
25.9888628370532
43.4528952261176
24.2508483943362
39.6421468908021
27.2685721726257
44.5294069843089
26.2558169541425
27.2053672569172
24.8624048311538
25.428690255725
22.5107566039982
27.4603331276383
21.1637185062304
20.7918643104168
22.45906419895
21.66081079335
18.6874933891985
26.3905283481706
26.4695305596761
26.8232696062797
25.859487877451
22.1340757819221
43.8531666539609
26.2300974320388
26.3140637836052
27.4202599336161
21.8023544699171
25.7762817887916
21.148219647046
25.1422233048633
22.047783829192
21.9778152048145
25.8644217853574
22.2403428658438
38.5777897672175
23.5516553335501
22.9924665563568
40.880225468041
26.9088489841867
29.5095573806833
26.1790596007768
23.7014842503198
24.6670194627434
28.8561805789858
27.1237365777358
27.0630787943497
26.8608384079867
17.6779917810426
25.6988566098028
22.0361409150841
39.52554708892
29.2053237578777
26.7782075039716
27.128363382074
26.1149641854866
24.9270260484867
27.9214062115681
29.4041507525795
25.7833321645198
24.7019279343191
25.5981645978027
33.712412271812
29.2048140204512
29.1102741784833
26.780464680352
26.1909452471924
26.6953755528063
27.5617037192148
26.1307998185568
26.4704723426103
26.3663248405768
25.2931565883065
29.2943887678812
28.8648680023627
26.4467085787318
28.9421170604895
28.9330590931274
27.758672267166
27.5247868420445
29.929760982779
29.7488119294529
27.7221547749445
28.0416410341842
26.593247023644
27.039625331691
27.1881758505204
27.1202228741239
28.8374325077645
27.4932259505172
28.7022066569117
29.7575370038107
26.1272908852608
27.143291056811
30.8546502136996
29.6214364898937
27.4395022731965
29.2596860878801
29.798206840067
29.4927591820059
33.5220422537558
27.0430903670477
25.2195537891944
26.3438300132415
25.1533323909101
28.5386344093271
29.9934550650821
28.182346370785
28.4559441112325
28.0837121894019
28.9777343613435
26.7098800254287
25.9513649239042
27.9597213733248
29.3395678440658
28.345479026104
26.2067435705247
27.3162492615481
26.330042960346
26.3967543210571
27.2025247721398
30.1959209021662
29.7852345635885
24.787861458078
25.8397154923498
27.7740929259066
24.9775191668974
25.3348797290657
27.0497528459614
26.6866179112488
25.4312681153522
28.9971816007752
28.0953680207393
25.3976421077282
36.2821346600679
29.8957851402762
30.2370610264681
26.0890549952289
29.04353559784
33.6292328318878
27.3615269845317
29.3302387136537
27.7587000248099
26.3159941649305
26.6669007223241
29.2740757882648
28.2514179326197
28.7469856987806
24.7872500563048
28.1911008770993
28.9638025828059
27.5661719807066
25.1794860634291
28.1439832828497
26.9464549911843
27.6690121989061
27.8183968051304
29.8779646651869
26.6971560790242
28.4210729319774
27.5825532794158
25.3773767830002
27.65127709662
26.4453414929466
29.2411346107667
30.1054777407135
24.2866331583546
28.2817804030688
26.0715123464895
32.108973411537
26.3099072275499
27.3715002515707
26.6422002051036
30.125947510066
28.3375429658321
29.8309715728493
26.4463466921253
28.3558677374788
29.8394762580723
26.8490326862633
27.5015767993508
28.6483205178541
30.062667016262
29.563765695502
26.6040778538324
26.6636161841391
27.8229699249895
27.8493714766412
32.1490592334968
35.0430423583196
38.6532083471143
39.612409109432
36.0118275876945
36.514781611875
37.2281805619033
32.7793724421758
34.0650427206264
33.3073032814068
36.2202115665593
34.3391140090819
35.8148730105626
25.5468570190487
31.5887725978056
37.6244713150266
41.8075289630527
40.875824451425
40.5581938799327
35.9861213976134
31.1415655968527
36.0220522499904
35.6683147671666
27.336914770465
38.6075700536357
34.9976854226767
34.3122454085756
34.1607699013604
37.4689203426411
35.1832676874812
36.2950404662139
32.6867677805272
39.1311350879162
36.514781611875
37.1003192900274
36.0012715759973
34.1858227312281
34.1182608009134
33.6190786464359
36.1522163118526
36.4171136562076
39.4897278648457
32.4236694730981
34.9830422195371
35.52284439524
40.7537936285248
37.8395326468322
36.3156518935371
41.5754521782886
31.3619352910258
32.1177578194017
36.8055961379534
34.0843044428704
35.8791215523472
28.4138152684807
27.8865912947888
39.7514657070967
39.6621238423481
34.9199428586104
36.9973603197921
31.9636349450367
32.213715066073
33.81953827471
34.2306619764651
31.7982222192941
34.9792534700955
34.2053433476153
37.1996353488875
35.2182754025396
37.6031347490109
36.8064123541322
43.6174107481616
32.4727166143914
33.8159623039151
42.0313664185954
36.550561254354
37.2472520026597
34.3866001716278
39.7456513246686
36.4821665615118
36.1440371912222
34.7814602142009
36.4508103441721
38.7790433483298
36.3494800159942
35.2589127250396
41.0704253484799
38.8750421838466
36.4046891106831
34.7338378768438
37.1780303368315
30.0521737382949
39.3411057193653
35.4186277010157
35.4810042516707
34.3995131985091
37.6966351561437
40.167437252264
24.0730805078859
37.52260275989
32.8768853666094
35.4056795677212
33.6092733835966
33.9533497853035
33.6901980082027
34.5387241700183
36.367497740678
33.5308451439457
34.5182097367029
41.3015507758671
33.541257752881
30.5405102001439
33.1649493672877
34.6140840438722
36.5137973828393
35.7959899087655
32.4598810823168
35.2714215966477
29.976222758664
29.2556409906892
34.0774365453782
34.8083809435751
34.271442403089
30.299902358649
41.4341678518801
34.7403881903124
32.1653747352622
29.6509041061897
37.1670368605255
36.109892044831
33.9646275223946
31.9289934219562
33.3185020905974
37.5775656458991
34.675014867084
31.6697602987041
29.5491419211347
36.8118811989269
34.0309769526491
36.9884914187324
34.4761830315959
36.7127811405237
30.6849559995749
28.9894958991278
31.6374832114955
34.0256371377156
34.4624672638192
39.9043223476288
36.480088874344
38.9144272938423
30.5157206284224
33.5287577237169
29.1892599467722
33.1871122021373
30.5303780768739
38.4903635811252
26.9981398344484
28.4937211378928
33.9814381230984
35.7639703387807
32.0799359443204
29.9986590611798
38.3876520354217
32.0854491499579
38.7295796467398
32.2042170462267
37.55842111328
32.9017782867312
31.0377284282253
30.3726215492547
36.6819611964166
31.4204717598952
37.7504791515472
38.2951319246821
33.3781007277461
28.2445796510255
34.6242064903208
34.8929305213105
38.3996096111051
38.7261273768149
25.6504753671857
28.3006625691727
34.2234788926371
36.3806511932596
27.086470470095
28.7426859043276
34.8852865153156
30.1324866625446
30.958263648516
33.9041417873576
35.769265365534
30.7240157964407
33.8919097763866
27.5312012961707
35.1206442641711
32.1447937662497
30.6878550774655
33.0084550128072
33.9351581461002
30.7809516412641
32.1260895770992
36.6175845955642
34.3682404635886
33.0877741607938
29.762785326694
35.8362898620853
36.3532673080777
31.9362238200171
34.3354828120226
28.4204960966895
32.020655891899
28.8009081782825
34.4473476814495
27.7313728070008
33.9305152982838
30.9612652363696
34.0916031760863
27.6539394861066
30.2972617280174
34.0188207461659
38.1626062174701
32.1331346481134
40.175782409863
31.7550346238674
36.1078547157892
35.8326037901784
34.3794163188066
34.7400235734868
29.6784535233949
41.7431764727443
36.9964398736274
32.27427728051
34.718230456733
36.8150466525126
35.9812267672043
39.842938462589
34.7403881903124
27.8571520246083
34.5619609940101
29.0132811050698
34.8262903845646
33.460636814365
37.1928811452762
34.7831477855009
36.1505818064833
36.2504438215445
32.6690999241817
32.5812521820283
34.6519247378367
31.7268112217782
32.7264452890756
37.5779748450536
36.2894405087302
34.6784305398295
37.9004608148037
41.2835146497902
35.456266673313
30.0279056757694
39.719607335953
36.4286530768962
28.2928629623607
35.986161370357
34.4258635055496
35.9460910824815
32.5651586304394
26.5228871963376
38.0061064159573
40.468077203986
35.3813020900889
29.8594120884441
35.5580747317564
38.8711250698442
34.9565861619697
29.2780642086556
32.0464540879217
34.6648822370843
25.484033797771
25.9971926670903
31.6534182306941
27.0255593072494
33.8058533298104
31.9961999329234
31.7082184328174
39.4127798964353
36.3294608483286
30.6297109598159
30.9643095948338
31.5652490101701
31.110202500946
38.0856432337284
31.2811930275266
35.3373173287993
37.7185541968158
25.3176479714493
30.0472605950198
31.7869945747243
32.8699711303243
36.7461551015786
34.461717722154
37.3179258350713
33.233011187086
32.5297219373618
34.2865158107422
40.7257717952822
30.5510349538245
33.0114510538676
36.4328660418975
30.8091885200522
30.2320563366755
34.7190563262442
34.742933345173
41.3555265861659
33.8073723915552
34.6166251485771
34.0209393778825
24.9074529316291
26.1321980109601
27.8748210373866
34.3087130339631
29.6104804290986
33.6357989811031
31.6331288628524
33.2883135419447
23.3069375635687
30.2421708188997
37.6863362854735
39.8936043206091
33.804715054953
34.7141708421813
28.9005734264327
30.5553645567164
37.909147902975
33.0959309441231
29.5157873244756
37.4869606938228
35.7398155445356
36.3519084035302
32.9628177512977
36.6838066131438
34.5542606221527
27.08116139638
38.1576325506773
35.4122987731784
33.3452969024118
30.1558795030884
35.2676476723286
24.8249378307752
30.0633074223656
31.9802891285246
32.7370863707105
28.4461196071269
33.6991969487913
25.4458695552037
32.2260410911631
32.739383829276
23.7321199194658
24.2825810912993
34.2857623249489
21.0937756031158
22.0255206125541
32.1435672297816
36.7327813520709
24.4366683757771
28.7006632340626
32.3836867279912
24.0809522168834
35.3901949990389
31.9054205791543
24.7693072273019
29.3970093623422
28.4593777214883
35.4732261615991
24.7523099805907
28.9182753474493
34.3928272347811
35.308849031583
38.5372989960248
22.7912113927013
26.3859745964634
27.4883075046728
30.0366577975378
26.5254033312991
32.5547058030393
34.1994277993234
40.0959395670508
33.5600634347617
34.3152033146012
30.6212467894603
27.5348212089537
25.9833528889731
31.4913768929364
28.5891901687304
28.7217504136423
33.551651296504
27.5375756928952
38.4307210298255
37.5109521839913
32.053240684503
25.507004384001
34.1301245485744
33.4515092919295
31.5868949443691
34.3494866353267
27.0479040740859
30.3176908697232
36.590742595592
26.607378034503
38.2413287263982
22.5424913834215
28.8240989531308
35.1225650921801
35.259547127007
28.9357667616871
31.1844047426429
23.6096469187187
36.9773347376136
30.6927107915096
34.972339712867
37.8198253032385
34.7763780492241
28.7658892811755
31.3557929943855
21.9292550843539
21.8829509706156
38.874301473033
37.5006793483046
30.3307221492765
37.5485851202238
32.537812697828
35.1631961981404
25.9784579972574
25.9370390043489
24.6417096156167
31.0584687212479
23.5085088349599
33.3254012185126
34.0669459557735
23.2613837876602
30.477952417829
35.0406250980219
33.8140194044177
26.372661133995
36.837189591252
34.5225790862855
24.1976273278719
33.1665223537745
32.9333192465162
29.9607797800191
30.3498745512755
34.0716343509267
22.0215580278032
34.7416717950721
30.7502304792084
38.0344502144897
33.4026242640291
33.4666194042626
39.0014223146445
38.69619758795
25.7626009257167
36.2448725604369
30.2614223504605
21.748667026425
21.1597399406766
32.2595135271658
26.0112554170128
29.3495173764289
29.0149345213855
38.8112362824991
36.6205785858604
32.0479856089524
32.137443642291
28.9877363181819
29.1002228092853
33.136510469532
31.5975820513922
38.4404262781668
23.8773237422236
34.5418696107919
33.3446463343527
35.6663559080715
34.6915758545889
21.9805232407986
34.9804985125659
32.5812070557027
28.5979330693468
33.4157041368882
29.9432878932457
34.7759801009156
38.0712208101111
33.5378390052685
32.7222834075276
24.960283353788
28.276749357109
25.3250705144875
23.528613244343
34.3266559083963
23.8406720836059
34.6079575153033
32.5968996761456
30.7176710691589
24.9244776648399
32.0679989195027
34.6915758545889
40.2973606122302
34.0633499395236
33.4054331465123
36.8942293486653
34.8154292912394
27.7088230581465
34.4144260230881
35.4315518060029
35.1849877384963
28.539725565812
26.1105979482136
35.5490466788404
33.6131360861644
26.0007224758297
34.0345896836931
33.5595277834525
33.8264444582188
35.1393987125499
36.2329636339287
32.7659079791935
29.5527369491729
30.1609323355321
27.1051337547922
31.7337729214516
27.0177755934231
31.8222092060904
33.6584138346105
31.2409181342866
36.4972303228459
35.7280287186138
33.5008369866537
31.5173995517468
30.8563091681594
22.9661756375051
28.4439866040424
31.8542488601396
30.4231889773749
33.6503163049384
31.449687620176
19.7048375215501
24.5693832514899
30.5097519537347
28.6704523382558
36.434976639857
25.0288104864279
31.1765866131084
34.6537203866609
29.3408080114405
33.8137913937295
34.1044570161103
31.3501608238592
33.7957475421764
25.2073051133446
35.2089605499309
22.4458642513163
27.7636297097388
28.7811574481273
29.8996837718355
22.8610894250875
31.9002838822235
38.0967711098325
28.573616457669
33.2779792966207
41.4765885770051
35.4849849322865
25.2166709827505
21.6564787081238
34.3512411612301
33.8608277535093
23.7547260154709
34.6426505969209
26.1321471042139
29.2800554179703
33.1888454943722
30.6245491522945
33.9754917680401
22.9437881765746
24.1853908356597
27.9982781245858
21.3727358152792
26.9180047307583
28.3113950128807
26.0629151894085
35.2369384236329
26.4171646077554
24.2931824336466
31.2546803058856
29.2228087041415
30.3015649027849
18.7637451079998
30.5160906535044
28.0733291302317
28.8723464871754
19.8675652113654
30.3449917459715
17.0238342392519
29.9548131394507
30.3387219243511
31.3714361903193
28.8611041886141
26.2937824689955
31.2491166255362
25.2103952591247
27.9858848821376
29.6180815574206
31.466140071655
31.3681215508383
31.2903076080709
32.7123424679344
29.9837911032262
30.2560833324985
30.9948231598851
26.9949353939718
29.4543732972471
30.8058724818243
27.5052539710386
27.4792699720681
26.185163791161
22.1167836854217
27.6339964611791
28.8684211063647
29.6575598160956
30.369744784886
31.0451206051999
23.1077298190235
29.0913734653788
20.5320557322384
30.171060066058
22.3913026516822
18.4030764238223
30.158711962824
29.8816657671211
27.7536086445168
23.590698210707
31.3024648134849
21.3955151543882
18.9485912043594
29.0605348201227
23.7098178590185
28.7450095108384
23.5856489252681
24.4533065551423
30.1246575351853
28.3669029332071
30.824878986941
23.8753976056522
25.2029354533161
30.0989832409134
30.8816787652083
33.3297021210089
30.3126955556737
23.1519360049014
30.1352557847447
29.0721757057602
30.4439203921001
29.4349464863727
30.6129415037238
19.6639416580245
29.528358933771
27.4315284815368
28.4844461831483
29.943970986791
30.9347727924455
28.9727493409765
22.3042260621976
21.5739627759769
28.8072384842239
17.1698045285376
21.4949680523979
30.3620409520349
21.2408458194144
29.9591757691762
24.5027674017314
29.1638477755958
31.109274786932
20.9900870896976
19.1394361108869
21.281183906211
23.0809070034289
27.5268698650656
21.9108595799769
26.8393017225816
19.5124181032396
26.4269536404352
22.3138422013835
29.6141835307416
19.3297928771655
20.6186911784876
23.9941681391126
27.8046980760416
22.2078864222589
31.0119470890408
28.9380521837991
18.1291638664095
20.6944448237007
25.3545329816091
24.4301798702185
30.3478977670358
27.0361445332534
31.5154160938662
28.0508129199271
26.8676407306157
29.6412610394646
18.4794182511806
21.3417409034179
26.5147903729098
28.8461614485465
30.0294695099228
28.8742198683792
31.7312754880957
28.182030749185
26.7734773737686
28.0255966700125
27.5064320180545
23.8306628676436
20.7419043017353
30.8470138384538
25.3076680174669
29.9719373852827
21.5270130363035
30.4001738936644
30.0234583749339
26.9764621086842
27.9028475591595
29.8080869879953
24.8253447212512
28.4070114402262
27.9240685589612
30.4037914539247
28.2416062860013
29.635827344163
24.7017927684431
21.6098250625308
26.8182274980774
28.9644387991342
28.4457156259096
29.2768512037792
21.3934672816105
22.0824361555836
31.078026631202
28.7406955510013
21.8508560987563
29.0497726300316
30.884744675336
23.7215651721899
22.5863545517664
29.5312810446139
25.514925437569
29.6812604594471
29.1699016140751
27.8066724919977
27.0628319182737
31.7002047268401
29.1005064670166
28.8905154837198
29.4598903571822
21.3187991577838
20.4342447937083
19.8816120830921
29.3732137038603
30.3139858422151
24.6444549562144
24.2786109987672
30.2502393205394
20.5922742883135
19.2740236186068
17.6387974773179
30.7381778950252
19.2162727313625
22.9523336935958
30.3338995991293
27.965534993047
22.6594076928981
30.1031695773993
29.886037604241
31.0285428361202
28.734978003678
38.0192383976159
20.7576975343783
30.3107214190258
28.0382900985132
29.691090351125
26.9942493196794
28.7192867419572
29.3470595451894
23.6313317863726
29.8480061514278
24.8883950242122
22.9711165908285
30.2046259028714
22.4938210820227
30.6362538347278
25.1528499583367
29.9729665914633
31.699131895405
26.6713245672504
27.7478750781567
31.2349661030608
27.685926133634
28.3858253272599
29.9075493916454
28.0971967446101
26.3429736590744
30.4785739498548
23.9942238901642
22.8047733635756
24.3369034244394
31.2691980783439
23.1389886345809
23.4341795634374
23.0169743581903
32.5742656454487
30.0772692541968
32.0849681747505
28.5053793724025
20.8675962281727
27.4728128022682
25.9631047172414
19.3902552865024
19.6870660754081
27.0525129964919
22.0385672175024
20.7334288585002
21.9135806084599
20.0031378313416
18.3761112552424
20.0991314768001
21.2960377071602
28.4472528498318
18.7491538997312
19.650540984659
19.9178106694938
19.8964799244631
24.1396227079862
25.5580983051429
28.0529831473313
20.9547930120045
16.4350349012839
28.0086775856826
17.5306236296488
29.5422889642611
26.4403620654529
21.448044702775
18.6727919522352
19.4121723451915
18.93733292356
22.5936322919965
20.289718594467
20.8876788307735
21.9291617427361
17.3271754233599
20.0337716203534
20.8728137991721
25.8972199114789
20.8079742035618
18.9392943877473
19.5541230193137
22.1703595655067
22.3233530629654
23.9110272971119
21.9964695452069
30.3747792295185
23.9361748838236
18.5558394080659
22.32943534337
21.1541907079787
18.5050680425933
27.8182534013645
21.8396873071519
21.6130498735239
21.5979765650676
23.9479321439809
26.0485642783079
20.1612231980137
21.6527734836923
17.8785195813477
19.5597516913613
22.6197611979694
21.1481200475665
19.51215498914
19.2039044483098
19.6069016943186
22.0795236116013
18.834370701979
21.3859820728297
22.8307569903888
20.684313979102
18.3268095691212
20.8188793253149
20.1940211437891
16.5652486295171
19.7280106465604
16.8921382126249
28.5857318123624
21.334255563967
20.7585469799021
19.7594866464704
16.4733650996498
19.6195709934115
18.6032912585093
27.0191847138589
22.5925357687639
23.5661947781713
22.017546642154
26.1971072408323
18.1900480520943
21.7711803123578
19.4952255503025
23.5146778154605
27.7631598143839
18.0489346315189
17.3851318015226
22.0491494827014
22.3077178011373
19.298899259802
20.799649329378
18.7819780272084
20.5810287599963
22.0661323257774
17.2497159953464
18.0750384539439
19.8636174198758
18.1345283088263
19.8481217252601
18.074160919549
21.9960719089772
29.8077567410557
20.4664515909708
22.6224576226867
21.2490591057405
25.5437872753413
19.4122687495666
22.9998502645461
16.4106853284035
18.6481964119148
16.5167018291929
18.2678537119514
22.4930469714685
24.6335862886964
21.2238540327747
23.4960669115018
20.0588694287273
17.3789670561708
19.4595662864153
29.4958223742557
23.8173350301156
28.7725743304344
26.4154605304402
17.750143485143
20.9158717723283
19.7627389084684
21.9430222148984
19.3838966744459
21.1557066965668
21.2747982883192
24.3703458765988
22.1786884479573
22.6113677229226
22.7617612651374
27.2676434975125
19.1217411548507
25.3716636333095
21.415994663946
19.4818035102319
16.2848023129701
15.6256953666439
21.7646262639291
25.7275093207439
27.7690614042573
20.7262265993531
22.2661316451572
13.3353749402981
18.3674361179712
24.7603699464943
13.4557057907361
18.5675252339364
22.7637790897786
15.5608642948686
17.9518018012895
21.4433983477735
20.3128018193512
17.1460624614495
20.9294917481335
17.4290558575251
30.5423530315364
19.8841454593527
16.3482065990462
18.7698143588659
19.8366743493213
17.6108742516249
20.9182273885727
24.273793935573
25.7116378332381
22.3702267785121
19.7148616321807
18.0753263745412
21.7862736082648
24.4025786285553
22.7742938190569
21.3675654378832
20.9241689383009
16.7363036123106
17.6039118030111
21.3906291933437
21.9342888049342
19.8495619863748
21.8116518550065
17.9773375207753
19.9897242890581
19.2852553141992
17.5000992366131
19.5810836253225
23.5793929300433
21.4678788392443
23.2496498275316
20.8534084925648
22.6641426708404
20.4942730667101
26.2649820270603
19.5625670698918
20.4022667934127
18.1750491028988
18.2025041012676
19.0743272898629
19.2937451821673
25.9293047631407
27.809518596188
22.2932547656151
20.7676475221087
18.6834050192036
20.6402050639454
24.6721190881421
20.7068570030079
18.9517699978753
23.1169907170617
28.5856840787966
20.7385638298419
18.1580069835227
20.6380139230256
20.07164424723
29.3460846992594
29.323135017894
20.2185131236171
21.1067957805443
24.0719099914303
23.9644217698138
23.0269517870677
20.7300163328833
38.7926147039697
38.4053463863474
40.1251080132391
39.8100402237813
41.6916639689053
38.4078237230639
40.503719300306
38.8585687264293
39.1633650741449
39.2888719292073
35.3986134132165
39.8177197799211
35.9349465984806
42.4031333856404
37.5918290003628
39.3754118746095
38.6510585548268
40.2282763366399
39.0490919733551
40.9878289280499
27.8952807328573
39.7385290224598
37.6678879894788
40.0902371543873
41.9443450707954
35.6398749797432
37.5397649011576
43.2580465907503
37.1265106676466
38.0229547943596
37.7551304777762
39.4607215453574
39.3147762928134
38.9153883231735
40.3358625700381
43.6918256717202
41.171244228061
35.1754846706753
41.6727314524161
36.6704549882296
38.9313113739161
37.6945036839704
40.4838763535066
40.8331120011296
37.5210515756673
29.5210243381163
38.8685212015126
38.2880271722525
38.5507802829217
39.5202310145438
34.5806825958256
40.1183604122647
32.4944408909573
39.8232678854187
37.7605381714227
41.2130819403915
39.2348601240959
40.2724558285991
40.6374265954443
39.2099401379214
37.5853919146216
38.2032849972471
41.3521681004463
31.8851240571103
39.1932489606039
40.94919005169
39.5279912512147
30.3467085001937
38.5677326771105
39.1948029350935
40.1313947428522
34.8801796172698
37.6248762653312
37.4267887026751
41.303781614805
38.8036535473385
37.5177620251216
38.0422273941079
38.4260238702893
39.2931445256269
38.8106992326386
38.3454150818428
41.7916298044922
38.3767019606437
41.2982396122837
36.5979512347205
38.1207713740027
29.6003506945092
39.5859255060506
41.1555788812991
41.1954307680388
36.8107399335404
36.9341599443103
31.5767460551031
38.0773989066084
42.3226711778165
41.3863270885748
34.4215301265932
41.4942546157009
40.2910407611003
38.8400650786929
40.1994221622062
34.9863966901947
40.459211795498
37.1616073444527
38.2813848602908
38.6838986091481
39.5569214174661
41.7524756465037
38.5329106501437
40.83785854856
37.3984673154178
30.7493424694427
33.9882683688462
39.2187751141795
31.9566242303677
39.4790889628664
39.7178667639736
37.3619137599578
39.7729559799216
38.0017555963385
39.207570114406
33.9541688305545
36.0552600071774
41.5339319456022
40.4842322860569
36.8441569668006
38.858674756489
40.7454843845703
35.1030055586234
39.1537786988743
36.3076273148903
36.9248607196422
36.8066309513681
40.5696902511084
40.5787909922218
38.5567003312081
36.6905059005119
38.651210390792
40.5552886317111
34.7534371073967
42.157324229401
39.6613545181125
40.4793341235295
40.6849999950545
36.9792069753899
37.3635154763008
41.0205511286662
38.2151413696659
39.8160604001796
39.4460400093941
33.0097248170034
39.2663839652516
34.2074879535397
39.2236034316403
38.1899931713083
37.627407650626
37.7946107257031
38.3902282136098
40.1613811772071
39.0746691226049
39.9936882785778
37.8917907327011
39.8960744117002
38.214239418473
39.7905530268966
38.5008368472295
39.9004730319345
38.450226566859
38.1989168194287
37.6454613056693
37.5808509334128
39.461380404317
36.8443813340458
39.1169725731739
40.3985917710871
32.5647051640033
35.3953563550323
39.4313529743303
41.4460390849787
36.0079858186516
39.190436873651
38.253860351936
39.9640853827599
37.8160488313712
37.8348005856898
38.4198617929298
39.1475768390471
36.6569304183411
39.1174739123887
38.2824034328752
36.3157013399658
41.1712455294823
39.3813678377423
39.0969052606825
40.8913775630015
31.9528123391671
40.2617335357428
41.9059553494572
31.4756798086884
39.4515978822481
30.40068410494
33.1611808499381
39.1909333891577
40.6029515723296
41.32683664254
42.6323419862014
30.5139364624598
40.8778732920429
39.4070095432158
31.9306615636847
42.023742674111
31.1982697196877
31.8563860224695
41.6835561299872
40.2285834264605
38.6005366816046
39.0076205291692
44.330218777042
42.0601570834086
41.2440242464456
41.385677034303
42.5642337140826
36.2753358110462
41.7504206480777
44.7519280114981
39.8258805088288
30.8923296552368
37.7196165602447
34.7175040521876
43.7570776396144
40.817933632012
40.6643840032307
42.8263357183284
37.1589669260854
32.5739375171927
41.3886743400296
32.8456190025631
28.5897494205444
32.5208600576511
31.5167439179126
37.5078660048885
35.3737771929667
43.0475981618313
31.6679455964801
42.3849880012841
34.0213211703481
41.5440381208919
43.3732057081494
36.1985991245022
34.9398103696708
42.6872076870021
31.499852970701
39.0103562974539
39.2347127410313
39.4659153142945
39.2637060590035
39.0699840050702
37.7949045883571
40.5499191988223
32.05384883603
39.2394083759759
35.4257311564122
33.470966146358
39.5119221201587
40.2086214836841
38.2719329701506
35.8859242853828
38.4272676857848
41.6465693359079
41.3191750246207
36.4744936518439
35.5650466451973
33.4524345533349
33.7200788122428
40.0956670970566
30.4060271431005
37.5286028631414
33.1144782684735
37.2152315127375
32.081473838445
34.462309122235
34.9398103696708
34.9110442642792
38.4820783661921
38.3768232650899
38.5650928037336
33.5626156852703
31.9390945475409
30.4299962372932
41.4121047428648
35.0936824717225
31.5873542096593
41.2458929583485
44.0876938266703
36.7067410116841
32.8734106817598
42.1215811643546
41.5250972080738
39.4686103921287
32.5722356199139
30.4790983873663
30.257975357152
37.8865449336171
29.1954160203438
41.049442185772
31.7371898424479
33.9378870473376
39.389218034916
39.6488333939316
33.15062265608
29.365653252803
31.6610894077505
40.6150859383276
30.1830656088646
32.8840247533276
31.7759404812093
31.3333711637038
34.1005028547241
41.5871472838518
35.9715566493099
29.4470002573225
32.9353814112502
41.4424301490379
35.6261765953212
39.1163678692086
31.9906038720607
39.4961040079863
38.3207344999625
34.4177446996809
29.9518265581899
28.9114379453746
43.2945564103426
30.2291449570699
41.6508879224541
31.6624037390021
31.4244043498774
39.718029652717
33.3180300283651
33.1144782684735
32.0140352628275
32.9546408091995
41.1997718696668
30.900149669938
37.7453006883098
30.9662171874802
33.7939129842117
41.1262798032003
33.9086241500779
42.194740881765
29.9159301855593
33.5890492197744
33.0021266989334
30.3956513234162
34.9349380862784
40.9786432807952
40.5822838330307
38.5293049599095
38.1928174704782
30.9063061097287
36.6512141696534
30.670988256042
32.3820795264578
34.5066954579029
33.4791004218825
33.0150061648731
31.64087577705
37.6081750370122
37.6304935048992
36.6175011481492
32.3501995793152
34.0213211703481
31.8004169846411
36.3409334838819
34.4951117732118
34.7263154715048
42.2528783518662
35.5048087420899
39.9487753867063
41.4846309739984
45.2385520449552
32.494784135039
31.4244043498774
33.1450807024856
39.8642142360305
30.7522948206825
42.5910432891728
33.5707691721951
33.8989768666721
37.0606239662466
40.0179990805712
29.8738212750993
29.6418954234602
33.0604911077058
38.8937217817348
32.687022040311
29.9518265581899
37.9731159444532
35.490935223804
30.1830656088646
31.5100006023208
31.7346932936921
42.0659920660077
29.1954160203438
42.2908298174443
33.7106578340581
41.6155026186542
41.9827871920643
33.8765375539533
32.1823446488867
31.3054612340454
32.5090298960624
38.0635032125061
40.7794456653574
34.3565407366049
40.1161374943089
33.00502530242
40.0722942572688
33.4968394843666
40.4962662075549
30.8105079546571
32.5836224798766
31.2232936466228
33.1181956691733
30.9075965703708
32.6045837211094
36.2753358110462
40.2753362093023
34.5836213522747
36.5105394325321
35.9658144638658
36.4034960403282
34.1028644628341
33.665519827888
25.3784654011967
36.4222270840986
26.6164916074685
35.1796865459077
31.2761407630702
34.6109714849099
34.0035563484468
27.6779109386794
30.2640000676483
39.5635785198978
32.6422102299066
31.4301710496861
34.5454381129696
28.7617582300873
26.9883860889576
25.465898593037
31.28104641496
34.7403906530976
32.0069540827556
33.3453695031702
24.4168442809305
25.0527834715089
33.5703820249593
34.0115768454506
35.360729768345
39.0332899935219
25.182636501127
35.9098151550937
23.8801171189768
33.5419620236522
32.750631342844
36.7498523844521
26.8700181839313
34.1379309111299
34.6692912476591
30.8669429203135
34.0986533724822
35.2501753260119
37.5081444592929
31.6189602783579
36.693804558879
34.567887593378
25.7817076121232
34.8614585357784
23.0435199148658
32.5431601868447
27.0863700811905
35.04054736178
23.8439305728255
34.8858484963754
36.3685826177066
30.9097134505636
22.9863235423254
27.4372338868536
25.5196150415967
24.8716002791829
31.5359361627271
24.1014810812038
30.1570419513946
26.6295610915583
27.679967707859
26.1747866276195
26.1150277887893
31.773602688971
33.5736693861166
35.3146839090379
38.5949608193717
35.7098701732697
26.8400989126535
32.135435354913
22.4636905088956
25.4631521311749
33.0619845880625
27.1679432586002
28.9981656603804
23.0436714368843
29.3694974587105
27.74541808731
36.7907008122552
26.0416514701821
30.1687227163527
36.7558054323831
22.2736327114155
37.1934350100093
25.5950968586888
27.5273028343576
29.5218814325125
33.2925913526362
19.2961108353691
32.1253899157481
21.5079878036177
23.7141248088447
33.7037434714874
35.8684310994793
36.3030025367306
23.9055823819965
24.5136555510613
30.7726004181729
28.8635049658578
24.7152201415742
23.5860731297334
26.7802436381797
24.8592753587478
33.6023251602283
22.4844150923271
25.6772310294568
33.3861563792477
33.6591364036394
26.2039626979939
24.9009108182802
33.8420528508981
34.1207703462831
29.2206448309813
24.2656015956166
32.2376485176158
37.1205141578859
33.4821076473303
35.0101023673356
19.7935484428217
28.7397945384908
19.3377072986081
25.8279115647985
26.0644303546737
32.0636976275147
29.2956112276849
33.0352642100193
26.184569599931
17.8823889388365
28.1745483901559
36.7444338217879
31.3083310907952
30.7154914597043
33.6160330472559
35.7286102657189
27.384709451882
25.4833293398251
24.8515666152553
35.5033794345111
35.5528121833577
24.7333880483867
29.963028767831
27.6380343336424
29.964362031932
24.1163228208236
30.5631727462682
26.5781255228031
27.4721297644423
30.2300771742922
23.3159858427685
40.5257743086485
27.3661884188539
28.3034744060425
33.4696398384782
36.5296100697577
25.7378510763331
36.3202464099762
27.5180805353955
25.7852633253218
22.0367578524193
30.5563983454036
29.369002084431
23.1255174182932
28.7322944767852
32.9724668750719
33.888857788827
28.2225686929054
33.9331274965031
37.23158932276
17.6588276854917
25.9112113492131
27.5628626530306
35.9256495411969
33.5362305571924
23.556237272194
26.0152258026717
26.1379257657811
25.1278965689842
24.1628950689394
25.7027152109354
37.4137863735029
35.443758101634
22.2305877429566
36.3642969235433
34.3644699406498
21.9679231253879
23.6949439585474
21.2088591468511
33.4091957759077
37.2072075327039
25.9256309430732
26.8766308847268
31.6916861073138
33.1086740570496
29.2130885544599
27.5574996651846
35.6152925516891
35.3570700071919
34.8742716662843
24.2364726676811
22.7035074756705
26.6470697971942
23.8874767764077
27.031068004031
24.658377138635
28.0613399729202
27.6904413783974
23.5512889169
25.4821765364342
31.2011065670626
36.0835699780147
32.935883846535
32.4926503921776
24.1077529242084
34.4522202995057
23.548517555601
28.8288127788197
23.9652658296785
23.0777627335159
26.1879381907439
24.7179140158255
19.711716004041
36.0568965785122
37.7390177287736
37.4567075037247
38.6167032470075
38.5612408062712
36.2969143797667
33.9220499131568
37.1528660782076
34.7772704607942
38.3454864202853
38.9059383245279
34.8776546643991
39.4260318555748
37.9738617408113
37.7652816533222
42.1620100192599
37.3167793306355
38.2569780248697
37.9006723218116
36.7594905913158
39.6447009419234
38.419334439583
40.4566346753802
37.6093075990248
38.7939004522624
36.0106554001519
35.5955702367466
37.8368188638105
38.0583781661704
32.8826649067202
36.4627069727777
36.6476962810521
38.4913891381259
36.8443624850706
37.6659931360252
39.6959119364569
39.0406876312893
37.0361431626356
38.0137301747076
32.9256197887254
38.7463534831669
35.1998483973063
37.3656744721555
34.0994912808452
34.281943298806
33.0287567092254
39.4479901497168
38.0593476305246
37.4847780839408
39.357065653014
35.4992930910896
38.3119754053667
35.3748186143024
37.0848048800993
39.444492644422
38.2176032094543
36.7726314699368
37.9135612510022
38.720696745329
29.1618952575825
27.8990572704909
37.4310383370448
38.5107746262405
39.5516772607613
37.0807433868913
36.2728701822806
30.094704697813
38.8903186558731
37.334140966891
37.5400890673589
38.1237023715968
37.9985592382738
36.8804129119497
37.1751531530421
38.8231320772691
39.3439425916167
39.7574756339091
38.604473798092
37.1166617605127
38.7814519848705
37.5383617892206
37.2818376043742
39.8908447949116
31.6531643985457
38.4241859197021
37.176983881815
38.9519558833545
38.5288365524398
34.7036115652071
38.3299028730958
40.1268060388917
23.0146963865785
33.2116983095111
37.4974029606459
36.4050081745752
36.5912840144662
38.7317099822026
36.938882434328
30.0942066752373
37.4908353162897
40.7936729552664
39.167795080939
37.2160853854697
36.1697899789366
30.7497236101629
38.3087581389662
38.0364367575669
38.7863019588042
37.8978122945266
37.7168809975648
37.6730389368857
34.0372702915252
37.0865213479299
37.6989227551386
37.7545576917382
36.8475379415142
31.1983972450978
39.8445104182261
35.4501234588203
37.8870117194361
28.9401240049594
27.19506563985
38.0111366908562
29.3642370024578
38.3591062832845
35.4564743219912
31.8750122452258
37.9205179195128
32.8773016527685
37.8430099179923
32.4075088455739
34.9735942316315
28.0985110891811
36.70824982017
36.4853470074436
34.2595860773403
36.7745295257612
38.111229717186
29.8467430713586
37.6895233653204
34.3542645018155
38.9885312568157
27.2270419272193
37.8220923882241
37.6324901885095
35.2522669035733
35.1295347524773
30.1079577210409
39.1782118479684
37.2583182685963
28.7017946444409
38.8611821685703
38.2101300476355
30.4727918898735
27.7826952631242
39.3262857735026
34.1718876272619
38.5198187336796
37.5273593705274
28.983761422536
36.2734932399015
30.055668041948
38.4432868158606
43.7827343540572
31.1028823129689
38.2210157536023
37.5108793784763
28.1576776231392
39.959624505525
31.9920418143284
36.1005584616372
37.3646362433087
37.3787695104326
37.6028898528526
31.2178157300912
29.8565405834206
37.8325480942512
26.686453105778
37.8903483725211
35.8137406634716
32.1813289455212
33.1007355960484
37.3370301969413
37.9082853117128
38.9451900209925
37.5157406978601
36.0271820765849
29.772716102861
38.6247047503953
29.8394381823392
31.5732284449411
36.3195632029187
38.8159062837705
38.575818367252
40.1343950026107
31.7597090896342
37.2058322001179
38.7621097726232
34.5526200720119
35.2131531063459
39.83095380635
38.1231608319476
37.0000191084886
32.7494885681375
33.7605073057793
33.322715194409
33.9762676189887
36.3404461011264
38.9113992898186
38.6395703697972
38.1443678444012
38.4633907741715
43.0895720573106
37.0133070685912
29.743987264312
36.5765089346937
30.7691058497842
37.0538469913263
30.3884306850215
38.5271488277886
34.6335858569838
35.3722205208206
39.1145263875116
37.8366633216435
33.8132648595041
36.4123418322018
34.1873484189244
38.5085177202078
30.9071103697766
37.846920025024
26.5472745998614
39.3415409477645
37.2607230128229
38.8448844372854
37.8053264551533
36.2610359620434
39.1046214963773
44.7407507589183
38.797670740256
37.0373625167607
28.959560989023
30.8943018538131
44.0133164712865
28.823136865414
37.5785620030779
31.2453540198903
35.5236079888993
35.4915047681178
39.352037286064
38.1484496182083
37.5108468389642
37.7319803684255
43.8130681584335
39.0331898206485
37.2497871930761
26.4225708080352
30.0851411884538
37.9866070849402
38.5055256214596
34.9799678909622
39.4617109353
38.3447171460077
40.0649963996827
37.518316543901
38.4573274007148
39.449200439034
33.9012777104953
30.9387053165181
36.8692271747942
27.6425783163442
31.8963639774884
38.4448332432611
27.3099524004875
38.516575257438
38.4036704520578
35.9872924990351
34.0368234584079
38.6388574694251
35.7024442949539
37.2901796086117
26.244671608425
39.8442487786172
30.8815666751492
38.0684676319404
37.7734580845046
36.7372740873258
34.4616022353534
34.4813956645226
33.4934218628106
35.256687054271
35.3714088011498
29.7387465350285
36.2763096367484
34.3587217819407
23.8763058357403
35.156697417167
37.5468777404473
37.874265715024
34.5603502952853
35.6261385128565
36.4071458764699
26.1793666798274
29.573047233118
37.2705645016277
38.6093715897863
35.629369624098
33.4747374182632
35.4912359582049
34.159246126306
36.8749459912201
35.8573723476864
34.7214400782687
35.9559784746746
37.0104094457163
37.9209794914014
35.8983888482792
35.3956940259864
28.7291038594651
36.3233445686592
35.1851117735522
34.4938075981968
34.8844304115179
41.7296624800998
40.2256047169362
31.4985482677293
35.4220656648482
23.5064903203642
35.1784288189872
35.9208503472185
34.2617792442584
39.4208779886347
33.9516546114366
34.0340055222779
34.1375159334826
35.0636081977334
34.0499642140533
36.721019829122
30.6340697740359
37.0598156426621
35.17937857245
36.3428913152144
35.1008048136665
34.6378946585475
33.4670045182633
34.9458408574024
31.5642703887307
33.8438764762591
36.2553698455546
29.5855383459716
37.5316391460608
34.4337942339165
29.4823311685141
32.1003569753123
34.0880801787601
35.1383111167872
34.957294721846
34.6579802589011
34.6672455443474
33.6679475977621
38.3975180419226
42.9745396885268
32.0627724071761
36.0212745917338
33.1679127575822
35.2726930245438
36.3233905964194
38.4186696943926
41.5137306667484
34.5257149550547
36.2932091984619
32.7252424244229
31.3818009687179
35.8057327968007
35.2376239867424
33.4755957304318
34.4106588067921
34.9394495815634
33.7429306976654
28.5383821292549
35.330965321775
33.2175537097232
35.531051554741
36.1803907856247
39.3532056041252
35.8556902616901
38.3209700766179
38.8193003006237
35.6979372053142
34.4432193662151
31.9593077193639
35.0861720042709
33.6769740810488
35.8455708040658
35.3490228863178
34.3741435099055
34.5767572240558
24.5590950024458
35.4393194955919
34.3137204050128
32.9418295592653
33.2755553675828
35.6082527859638
27.5219653668505
34.1362178204869
33.3038986103296
35.4888627678123
33.948171188073
30.7032110613723
31.3164949359648
34.0848526132049
32.7432342595541
34.3987640859762
35.3993625021253
34.032489685194
35.1690415429187
32.4407814120597
35.8989876916452
36.6196145795135
35.0786341538894
34.4707942880907
35.1804423883231
41.2291080570493
34.6182748602758
37.4281280444406
34.7458299324839
34.8459102286261
35.304845593276
27.3192438595537
36.8185977323317
33.5714855243884
33.8438764762591
34.192281897784
33.5973545696938
35.3785984765256
39.6017816664886
35.7093754998216
35.6463763832815
30.5922898458316
36.3899077107357
34.8585335217801
36.5575214704276
33.7491207535207
36.1362135497513
38.8795107193758
30.8893409243221
30.19803221415
38.1146803240224
37.449975445817
28.7834338068216
32.4169118300958
35.8591416650165
36.3310489659088
33.4935031820189
37.1523379133896
34.8092070895847
38.2477131708466
40.4876296248219
40.8567056248837
33.7545084585118
30.7343266520996
30.0862733527418
26.7429068548972
35.593293728038
39.8491421341226
41.7627874237508
37.6446040318394
40.0545232324856
36.3879407613162
37.0202460542303
38.2392269383396
34.9483961780173
34.0262679988026
41.4563954952128
33.0943600604947
36.9330366049556
35.5201597226922
34.4318797479049
35.7145905212874
35.0790734355377
36.4300345061013
34.6610054384751
35.882162963352
36.080378923109
27.635146545421
27.4749682634632
33.2179026580667
36.6192903832625
35.8930727375249
34.250536018206
38.6902388826101
38.8433876325814
35.1243621005095
38.7200606448838
36.9204230905348
28.8696558675497
31.0215541911167
34.1205800678219
31.0490751214953
34.2531121536438
35.3419174427715
37.4908976883868
41.7206751183295
36.8947745872798
31.2286000874818
27.9253056265337
34.0974514375208
34.8108546257971
34.1236596953144
34.0683825861455
37.5936084167504
36.3351786409122
33.928430041661
33.0511860094094
33.4782099612027
40.9693634862263
32.3725591300225
33.7117499856522
33.8328119784455
39.3029091574554
26.2484598682078
38.1124688301393
36.4946395740292
33.5695028034916
34.5157371358459
40.5157379998911
39.1127938460956
36.3273200116248
37.4143835852065
33.9537166482463
32.4076828820932
26.4497402447632
27.9967935709181
35.0350803395145
31.3137206037126
35.2935348929555
39.6245052996325
35.4951172548338
34.7693810581451
29.9372611895167
39.3718798862792
40.820731870114
28.5611096756096
34.6250166089085
35.1411165789719
37.9332559249239
27.4166590049158
39.2293831829913
29.8487022066227
31.0437521698451
29.8131548244343
26.1352617274773
35.5859592140985
34.1925048989121
34.5707259025665
27.3262544722811
36.7931608483815
34.0945114982598
36.1606396161945
36.3363921720982
26.9752292209457
28.3282637851242
33.0098045854735
33.6996032805566
30.6949671937978
38.374341870294
35.6425651197129
40.1872251110168
33.3783031036424
37.8668409890548
25.4702161320224
26.5792007691472
34.2562268425757
27.6980436313473
31.2875249308611
32.5378122356131
32.4396296101984
41.6563792855014
32.1334641040333
35.5967421350211
27.0251332168792
39.2575824415735
25.7053149477623
34.3944379052895
34.294523292133
34.5683802392943
38.6236920371505
29.2243181063511
39.1219889201208
33.4142050758641
31.7343570958285
34.0368001006491
33.0100689552294
35.1085147303448
34.0667090994353
29.5724190570357
34.6312650975393
28.7780629363287
24.547137748314
36.235418100974
35.6813566655958
34.0265874937226
24.9253440394597
33.279022742468
33.2369263001925
37.5220052003408
28.5361829254098
37.7943432733473
32.0776249461874
35.0849140583114
36.2692630415822
37.3350936391739
37.3366890730194
37.1330323591108
27.2839984325231
34.3733360468682
37.1513496154183
34.7505061702278
30.4734360941251
35.7610884975023
34.1696547751445
34.0977288163963
31.9494830733277
38.179101691767
29.4293717475516
29.5763256768318
28.0530387962264
34.3143441842269
32.2290519568894
35.9496640718377
31.561180863836
27.9489613801558
30.7792965115889
38.7928741083959
37.76542429209
38.0174641776113
28.589530804708
28.9240769155039
35.7491063358282
37.2577367760736
28.0762672553276
34.8155817895864
39.0127776051595
35.5011834313525
31.1586211517912
27.836684780186
26.6680547315063
32.5674467287882
36.9107509499228
31.6572762075346
38.2114334339109
34.3993467441844
34.2863702340495
29.9160196421331
36.6921743239056
29.2350534490784
35.922728405457
23.5596744620895
36.1687746643409
34.7216093997135
32.9920601232796
32.8131451271305
37.639367080545
36.5163768388132
28.6005773873213
33.9773370976625
36.1911634162979
39.0502147397274
28.0544330408028
35.5938170085354
36.3297243248745
27.3514680025031
33.9283123484254
37.6714919065227
28.5421239223938
30.3493394819156
35.6171457286938
36.816800551048
30.700146878041
28.1114894556716
35.1020116135633
36.4858539516279
40.3554763943724
31.0141261722821
36.5155959835639
38.0296338653176
38.4913415714154
29.0482895707768
25.7924206066669
36.2833602925813
34.6826411400795
35.6931002723543
35.7835794064594
34.6388387251762
27.5429136676457
28.9213178185459
31.0608588935033
34.2305174721229
28.6736382560616
28.6751915445266
34.5915630196856
34.3435797960075
42.5349233327725
26.6616736409704
25.6153700367151
28.3176816537022
28.6053141764435
35.3072295683619
36.8086985142447
33.6671247430256
32.3435252520356
30.1981067388972
33.661302582304
38.4925501498531
37.9823734516008
36.547441136757
30.9147678774692
39.7539280874489
39.3287817983765
44.1519315536444
43.8598196137392
36.6922452237592
35.1551911396119
38.6035127688046
37.8659294636853
42.8646153533772
40.7778778347608
42.902105825598
33.9133597691896
45.0669357488246
41.3402860328873
37.335893723595
44.1668349439021
44.1467022304023
34.5326383221248
44.9323433557567
39.6473722271294
42.9347748845325
38.6081767255722
45.4138623163057
43.7238579122546
33.0131294574785
37.0549111817383
45.2720026224509
35.4993904932313
38.6587628735483
37.3373775980936
36.6296307181308
38.3227131111657
41.118391462469
43.780589254779
43.8556104010646
38.3234273240021
38.204721973498
35.5417373366235
37.0111032881058
42.0175718949177
45.7636847338936
39.1706093405914
37.7433157160414
34.3728599991973
35.3337127544618
34.2525442313528
38.6158900016352
43.1362658534954
40.5266602963104
45.4635126946743
41.4364790730867
43.4501827261337
36.9809550870214
38.5625793013352
43.1352937730891
36.3232343001556
36.4464632465044
34.3107685099143
34.6933091819489
46.3137447598318
39.6948505160656
38.5286461718498
38.8713405630322
34.7149985313976
38.3557375874621
46.0042061645167
41.5517638441516
39.9444403888634
44.4368360649859
44.6666360092682
41.500460731782
36.5694133758793
37.659611467207
36.5139780688122
36.526420699807
34.5583856880622
34.9122909666125
36.2778290504679
35.6568075876723
40.9816003285352
36.7530275606105
44.2513178750535
36.8877764048485
39.5708643284287
39.0853790351077
33.1598014545786
38.2940712067867
35.5433711938798
34.8810093909603
35.3530710066916
39.5086946769299
39.2495671293855
27.7588952818143
46.6318571335822
36.8250046829617
40.7605184023066
34.6247201177278
43.9523806734744
35.2108131101207
34.7215599295777
46.5343987662892
47.452935065417
44.2942809077681
44.5979957770246
42.3844284035693
33.6015390165561
35.7320032690047
35.0582567565012
37.7593782389241
28.2542676665192
35.0778467078812
41.0154220725433
42.2580838402021
35.2071914200965
33.2899369896602
40.5520367585801
41.4091894201717
44.6799947725599
35.8271104262029
38.4807427116375
44.5256397277613
38.9678531337472
31.0524038189436
38.8299576356281
44.4708360183136
30.4917346391763
36.4312269892256
34.9533608099898
31.0992547942355
39.094956502372
43.8609186557734
37.9924766519456
43.3298078334164
37.7479126950974
37.3809738107544
31.2995619657302
39.7667981146555
39.3553431820643
29.1773373621172
33.5968127172279
45.0924336627322
37.3802343899776
36.952927516884
42.325911460452
44.8547271630628
30.0050234176979
45.3509907016091
44.8370736506763
45.3853694070264
39.4632238408971
36.9021179077856
37.1693119973934
39.3829137932277
37.2226061602575
35.746238755105
35.1825723038171
36.3210038813345
33.8847176708782
32.8841078972855
37.1713630297978
39.3693826115291
34.2172649193872
39.3325812802047
37.5115207146418
41.7280631179021
38.3378542698058
43.5210406224939
36.8081503040569
45.6988069819735
40.6839464742062
30.501598090042
36.8598214770235
34.5738231557245
32.3575956915644
38.777624865276
40.2740823653231
32.6434122617208
34.410214766503
35.9611683436223
45.1946795492584
44.7178620631173
38.1468794766128
38.6873989454882
38.5560049551547
37.3752405081386
34.8590720086728
34.8128820041983
37.0636479277217
37.6458710327033
40.0011222176868
37.4635966635008
35.5681769373431
37.7216208069877
36.1907524491842
38.5879044838053
37.3433989053682
33.43011222245
38.006865535213
34.4040241072257
33.7513154667012
38.9520596368436
39.12306910957
35.1565801539933
34.5038082739326
41.774153087044
38.0819071073721
44.249246020242
43.5128390640522
42.684620552026
39.0853011178415
38.3604104271277
36.7753180523761
38.522825511165
39.2240290852537
41.743749887141
35.786376851168
42.0483139315664
35.1543077831926
35.1167386439559
31.3142081315414
29.9321495938426
39.264982512342
41.6911694808967
41.1592742372529
43.474133250654
35.6800860219096
45.5239427409656
37.6206312657494
29.8960087781454
35.2510701486989
41.4821138386027
32.6447854548758
45.7036993166245
35.4070208230585
33.9911601568885
33.8612064849871
39.2058257171217
28.6987969537086
28.4819656572063
25.5713184294449
25.5778132803283
24.5759679403648
23.5493574532661
25.4006745972822
26.606967591605
27.3711316155175
29.5322495845806
29.8175285097781
28.9267809492421
23.4795886523676
28.5359886804378
27.5451477993849
21.3348541657459
21.1829219527582
29.6169183933083
30.0364329527386
29.5486982292373
27.6584044841909
28.8121062313091
22.4564859856408
28.9288395073405
28.6884288510738
29.097911674432
24.3277428644616
26.4685757572282
25.1960396696856
28.999652033124
29.6660837057483
28.007998632501
21.9103551706159
25.5583335774207
25.1058944042631
29.1046145380064
29.0624908706078
29.0895469497521
27.2053931414475
24.2287548754036
27.2648821419303
25.1156908636395
30.6160605671145
29.5084875187983
31.0288654568599
28.9424441140891
29.7170135267261
27.1551866700873
24.3154631729119
26.7703202107365
27.3142763359227
26.8299169836936
30.8364763414858
27.5164865425465
28.5771934172024
28.2526135145916
18.3215885991366
28.5669225143487
28.9596870462982
26.4411529935906
30.8199273981027
26.2497231803472
27.6078702061929
28.9696743347204
30.1765725361103
25.2585209557279
24.5087890329603
29.2741306970861
25.0397209993107
24.7156510116846
26.3952798324386
31.5010087541557
30.4072457778745
27.3643226654851
27.206325475441
27.4216761650271
29.7642346498657
30.2677971230165
27.9822439205276
23.9995678891739
24.1575628019249
23.1167060351614
31.0701999150264
27.981617653251
23.4149432247432
27.0866676378853
30.4115317583833
27.9229043081968
28.8488293576744
25.8861640345232
18.7837075210145
30.9846112397129
28.3857577560472
28.8164352185784
30.1364661838087
23.315588131666
29.2039472490599
29.9649433243441
28.1037585356758
31.3052085935186
28.9601578503015
27.7520850947752
26.1582942952147
27.370589632914
25.6094828603707
28.588114327699
23.0094104592911
26.6549363169146
27.0958686580849
26.8512138581066
29.573716680052
27.955003465619
27.3896819105948
27.9974758175161
28.7990920204813
29.7235508078301
27.053335412681
31.2169976368893
31.5275528481646
26.4085814308989
28.2197869153435
30.3770922097891
29.2303346170526
29.7161225040068
20.5377077752102
26.8862647761354
29.9199389558572
20.15652602705
29.6916780918292
29.6581780649086
27.4794181941066
25.1369570123097
21.4027550247481
25.5714013760632
28.5675846352749
27.1859336034647
29.2784098610377
26.0079622043273
30.3223734930059
22.2922125420611
26.1731936454898
24.218105501148
25.8918160994945
28.3088368097994
30.2240985905731
27.8745625537759
28.5089799268151
27.2907772072328
27.1732615499872
26.0260395718776
24.1249064239903
22.4703154646313
27.708348529203
31.4052730086978
26.0184328210075
30.6294527541457
26.6783067206556
25.0711074453271
26.864896920269
22.0792495005133
28.6868675664945
16.4457346051644
16.0963620810429
26.3129322607028
25.8531774337152
27.6425146553128
30.3563319641765
29.7453533077185
30.1707839355097
30.9733308316462
20.9676410415646
21.0485859577141
24.5985507459367
24.9393949118274
27.4668267079514
17.2021154270175
26.0791857223324
21.7500206847443
20.832624842747
27.2710163581425
26.3519694084411
23.9582774140217
25.626667620404
28.8047470038023
28.1429426667124
27.6380851063622
28.6914134130314
26.4117329274593
27.2058121371475
25.5388102168001
28.0343055279043
28.9393776653915
24.0884717470866
28.9613118731048
19.9565197505232
27.1222467979627
29.39683984506
27.1371738522508
32.4753828616272
29.6445786335264
26.3764872611304
30.3094892737287
29.2605080072412
22.734811240881
24.1792511850514
22.395578986296
41.7703152631494
38.2865373637927
36.5667961338653
37.9067333484547
33.8463728943043
37.9861963137053
36.9677588912683
34.9481416963308
37.0630740035413
36.2809066013051
36.6832324252414
38.0090913444098
37.6929094310677
36.6243730390357
38.143783748764
37.1170162296831
36.5669985117476
37.3921620032369
35.3738422264208
36.6637664312846
36.0716473992963
38.887290110167
42.1846477648113
39.2270265913874
38.1218670231163
37.5351965571326
37.6038992094129
40.4214788149814
36.9446170883316
33.6863971264619
37.8373320014121
38.3995678705219
38.8358354264632
41.9197979538805
37.6242305839908
38.5876100121037
37.9983030339865
37.118979323869
40.5595111381202
36.901611193654
36.9437439536988
38.0413360315284
36.8992626726112
37.3578651856481
38.1235037786595
36.9498976888195
36.4012787964257
39.7329130954529
37.7181467434207
36.7057467938194
37.3692365914588
40.0540364751222
39.0307351153053
31.8128662258559
39.2173269754583
39.4727749875707
39.1212967516084
40.5085374669082
39.4378222233861
37.6905248006873
36.3817313053999
38.3132374952084
41.5963721380382
37.0093281185778
39.2014492989796
38.1725501578707
38.21580399104
36.3591928461037
38.2292612562319
35.9619736466635
39.2649542766286
37.4558722064421
37.3887154360364
37.5950695007818
38.4473233712472
38.2185112829674
36.6116566373502
37.6247451801729
37.8928042199905
36.3294421194912
37.4313092603593
36.2730536040466
39.8748541458625
36.5310730990282
36.0834719477389
33.9963709548463
34.9402866754618
37.6151956492583
37.465158930096
36.211445946486
38.0685709172708
39.6904679893299
35.7624130571194
36.8270133635329
37.7170777766125
38.6574616391669
36.5573694466246
37.7486401183512
41.3491917632574
35.1810590700398
37.3919401533404
39.3217376149476
37.8158018276824
34.2091749087855
39.6121566272736
37.9716750694477
37.3576018262173
38.510556601084
37.6247243473125
39.1570299354914
37.6349658452309
37.4699818306239
35.553050576198
34.3637602550381
36.9370109756548
36.9537092948529
37.2963308684598
39.4554277307512
37.6799620772753
37.7106832115942
36.3481128200876
37.781070467451
36.9607846645705
39.9823592061441
37.611683684301
34.8234710338612
40.7625709337033
37.1329866088275
41.1741271345682
38.6384445874767
39.4622366299199
36.2108139209554
36.9759936842303
38.5380782096346
39.8659064944512
38.0858037256136
38.6961495370668
38.0281410458828
38.4610501667434
36.8701341463335
38.2039691781028
39.2091058109132
36.5987198789339
36.2400952945929
35.9438135661478
37.1080199012366
35.8018721643447
38.6373565274078
35.7176280414918
38.1363417098185
38.4228710763364
39.0522144204301
37.7955537448876
39.9519491047433
40.9285757288418
36.2089562112416
36.6889207660807
38.9073324929706
40.8690409159616
40.0824930509997
38.4370688174908
39.0926176015618
41.1668974659655
39.2103703644729
39.4418578540708
36.6274762442816
39.7029573303536
35.6239148486671
38.3577466226407
37.6011069665666
35.5030590156303
36.0020650570263
36.1329960853364
39.9097227634496
35.7959904552841
36.7254556407321
39.0363661709088
36.2522643013549
37.4597105225412
39.0370125176008
36.1714334081213
36.4152371112978
36.3502297583866
37.2456832847074
38.2728094494516
38.295886406701
37.7133026130339
33.5105394311275
36.9180198860701
37.4359907360874
35.0883732744563
36.7026378813024
37.7456423338159
36.5094231224115
33.780953160387
35.8896734669555
37.3530950745788
36.9140833583803
38.0600032980005
37.2677305026413
40.4393584270357
41.5917845160915
32.4108681590124
37.4031549605534
37.5397678391654
40.3726150582864
37.242050155431
37.5019382167157
37.217953308791
34.285316092651
38.3463279173349
38.6098150790192
37.0133946360402
35.8585847792769
38.6385403168996
37.6004156419937
37.6776670304322
38.5124960581714
38.2808851699776
36.465721642847
36.4929339210084
38.1431830268723
35.7736151663503
39.4919936558674
37.4715425309585
32.7936842050126
37.0305130707714
35.9947367949523
41.2713584981905
40.4003496852484
37.6278068723204
35.9764915724907
37.4715519310647
38.1898487664032
35.7557115095741
37.0069115096994
37.0284132231811
38.6925393284358
37.1510994934019
38.7484661422061
37.9932143512463
37.7677418272004
37.603328795946
33.3333800009262
38.637653256395
36.3002075875201
37.5257823116857
39.0708515902344
37.9365741682551
36.0043412961841
37.8490166886298
44.2327023701648
38.8070646817022
32.3709786898819
39.6880151296653
40.3473878908977
40.3075648333601
34.2279597711324
44.5173089496802
36.4643093342148
38.9313912942522
38.6772872252579
40.6970223415677
36.3098298939122
39.7119412016422
40.1893276293024
39.7946261176801
41.982129461129
38.7642020926244
39.0890249522188
38.6508895860379
41.4467714032335
41.3515235519453
39.2000568334062
36.160861657971
34.6931130562457
40.1852946680924
37.7645872546488
38.7608859065773
41.1505369675504
40.6546868817094
38.8192026919421
41.7154429292321
40.7905011485373
32.0334582680452
34.2826093299623
29.6980897249871
33.5979150894374
35.0036385093763
38.0648068288382
38.8543144887597
41.5811540369482
35.2790459436101
32.6302764568586
40.0403288469176
39.6757763644167
30.3208438855544
42.4334917132703
29.6361057688859
31.3518047128572
41.9081924863284
27.247497945005
41.2299986754403
39.7769862588247
38.3480100328463
41.1733438829086
39.0692387836204
31.4348773878971
35.7575230378972
38.7165295545008
39.6053715947126
28.6318603961428
45.2206636659921
37.4367049189402
31.9104634626668
35.021641619342
37.6300100469788
28.6162131418676
27.3287537766165
42.1698336670866
34.7237206310283
30.6118519611322
38.4857168498284
40.7362473454839
39.2309586059541
33.07262857821
39.0246455065857
40.8394926550095
35.613582231384
47.5914742913925
45.3752069268055
40.8308975193041
37.8604232980934
36.3499186671667
39.5362344561212
36.8714482483335
38.1781854349155
41.8730823884653
36.0721339422936
40.3953090558345
32.5049487979343
42.3966752109888
41.2701569106965
31.7152964719624
41.0553922701394
35.7615730472887
38.8897579815026
30.7601234106173
35.5859650265545
41.9095590609581
35.7311093173432
32.37878093874
33.4948379119263
39.6448913095565
38.3332255998257
36.975197058434
33.3591140970572
39.5974152971692
29.682315152715
30.369651061315
39.8643890002044
40.1896288989458
40.893304053191
34.4284656847778
37.6635219868911
32.4320215327973
38.0125912615609
40.3168433408617
39.1532149599701
42.8988308722091
42.6889463968766
36.3631180371983
42.1754180171114
37.8321966605556
35.8130511147416
40.1493504826748
37.0755559261693
41.3684356447358
36.3338949935895
31.3080447447306
31.9355203419559
42.132494170129
44.1063230071277
39.2792545470016
38.9343784177923
37.4929098933956
37.4386054919179
34.8577793833429
35.3896113815318
35.6212978161577
33.3633128922054
30.8089527944309
39.1530444221609
41.0728006511783
32.4123498798196
42.9218216599434
38.911509517811
35.3959577066966
39.6737279880341
39.2400867754109
35.8474975668826
42.0873345124251
36.9309083522789
38.5089821676587
27.4588939932125
41.9038985028195
38.0352887926662
39.704245394781
33.2446635591434
28.414766285697
39.959535779996
40.251823480437
39.5480654680341
32.0463753120484
37.520017044728
38.334676227334
40.0133120902329
38.4773678658891
47.8359789678521
30.1087962333603
32.4388118281899
34.2872690240387
26.5149602185622
37.4334317569607
28.4756706836054
37.7168701899838
31.5523522966262
40.5733088521457
30.5861002693839
30.8121294600141
45.8738335995299
23.1089237687035
32.1971047195103
32.0170867830256
34.6414004916134
42.1735373620904
44.105597095093
41.2004439354258
41.0001087295384
37.0964596175616
37.5943560735168
41.8126703636974
31.72139600475
34.3486708867218
38.0275504139289
29.8484350606013
46.1263953013769
39.3407904546242
38.8139751901728
36.0121392718182
42.2062375176581
40.9817101237524
38.8138632681884
36.0037246444963
31.6821585317914
32.4225006486103
31.8141780010152
41.2677158161722
37.7389294790857
38.8858421675612
39.4322668687505
41.9817797448279
38.2752771225585
34.1147785593317
35.0007504559989
34.5549694032617
36.1829626252041
44.0732576035377
34.0408076840128
34.4907185758709
36.1049888456874
42.8449042564526
39.5401560185604
38.1057866112688
36.7084843003437
34.9626031368041
31.5272007510909
27.8304654527383
32.7662783523497
38.4050188957238
35.4799186411217
37.0965359061453
25.6766436469369
38.8901071948015
36.1304125066801
34.337413069088
30.3755532081578
38.0640897736218
30.6794750088837
30.4200042040433
37.6491039260269
37.1350452038351
34.0192085562159
40.2574306401538
37.7126208441025
31.6218794587486
34.3139268196055
38.0948746367072
38.1390531509601
33.4818770596483
37.1289119922421
36.8807291784046
44.9982155801709
44.4922144999274
36.7030972720805
41.7624843821622
35.2736840153859
39.048899061617
31.0426094964414
38.2276887303567
36.5769991682958
30.2839595283497
36.9220863252089
27.5707502676231
42.0763753854792
39.1881181643685
37.2644628976949
40.7324436982912
35.3733575538172
36.3874885655156
40.224178582072
31.9018776534273
32.5836606930177
35.3593380938699
29.7864436642133
37.0550236132863
38.3199766416453
41.9143640464515
36.1223904785679
41.1837341607453
33.9227444179997
34.9282318335209
36.6601282533884
34.9653035557995
40.7044456840881
39.1956553428864
33.9836823240103
34.5228852573674
41.9029784442086
33.423277147112
35.1773258729804
32.2362582704105
40.272566839153
31.8165287365169
34.4157993106945
38.2342771506185
42.2090128999208
45.8013777138173
36.4804465784812
32.2941954619033
29.3904840009217
35.8134724076577
39.8912323597117
29.6366318728571
36.4290351803831
35.3222397914809
43.8085652287155
36.3490805936364
40.6901567578838
33.8312853472832
33.374230774296
37.8968549261425
33.1423135367125
30.5949452552383
35.8570267312234
35.1551175657109
34.2481610345375
35.5063085264666
29.0045567759071
34.2175919222037
42.0573381010233
36.8609921698745
36.362522708434
30.8756213952163
43.5749281755857
32.5374155832853
39.8109307526291
37.9482601298733
31.8207499025608
31.5221252410933
39.0506967682285
37.8770779973024
34.7881823378834
40.9069183256064
28.3816436861285
44.2694198923022
30.5961040773167
42.5520762778479
37.6420873306361
36.7340208081871
40.8155633864996
38.3149260327036
34.4436030975326
37.0370625538074
34.1690690346205
39.3645043180529
42.5167750786231
37.9029813359808
28.1859054162774
45.3803642462938
36.4813192623479
31.9990069317947
42.1578338621736
29.7997186827821
38.4752800207575
32.0848919143728
36.4378057242385
35.3507585489238
38.0009773251288
33.736756459967
34.4672272906934
43.7516211787529
38.8289980433085
33.001478878202
33.766962550004
28.7480716450817
32.4682329595187
28.4314450631955
30.3417353479192
34.4417683817482
37.451190781601
36.3063304269079
37.0294982992813
38.9347103503651
37.5566247967774
35.9963774428617
27.9824878289982
30.6569861147323
38.0234837344449
36.3744048413509
24.6433725317385
36.3387609818904
34.3851866130053
36.4534577414537
26.0807659826476
36.4898411755879
35.3215462781873
35.136808279636
35.3347095643979
41.7442462773897
39.20171924951
36.2219114184441
23.4820805688007
37.111288477245
28.3842668334699
24.4803469357918
26.0453581003812
37.9664425940089
36.8043656713471
36.7406128466571
35.3276861838
34.448413080862
31.588083367245
39.5171486736765
37.6560616810237
37.5609945536279
33.632684865676
29.1150498820937
35.093021107647
35.5953120104136
24.4032987047988
28.5431157781008
33.0080499633275
32.5090698087382
27.7143867957595
22.7378146884701
39.6784793826468
36.8186542215158
40.694674424336
35.9974218790486
34.3311484115597
25.1930998045284
27.8059009609611
27.2422295865745
23.2736939084683
38.7070966880375
29.4589996231518
36.4807883912074
34.771976542621
35.8390665951144
31.1936791727724
36.2503292986194
38.3211513665403
37.6742357492785
33.0684551205147
37.7216532294562
25.1680260204826
22.0675349585294
31.8131189038511
34.2489419641346
34.6872535433336
27.2245837800742
37.3037255465896
43.1202482000952
35.3631935828977
24.9399500522366
29.4794806587854
38.098917950401
35.0459979631462
23.0244184388413
34.2890977594102
32.21789798047
36.7028186722706
31.3016457614735
39.5928281863525
32.497474472772
33.6865392469192
34.201483380153
35.401185086801
34.0082507740967
37.439076886029
34.8981266899467
35.1976393537064
32.7605217534076
35.7735878324239
23.767176189376
20.4071733242359
37.0210741129103
37.0269241182897
31.4036076327761
37.1580391668411
36.0972929097462
27.8523603939589
36.7625528763663
33.5631006027802
27.2447176757884
37.2473306936008
36.3830715312075
27.3766548544832
38.1814060488065
32.2645549635971
34.4337500636273
37.0656859629528
32.6258059418401
33.3373226408661
34.8540724160237
34.8078528614277
30.2969495409114
32.2067862330153
36.2235552720272
36.2300781643494
34.8275981533935
36.5624070936335
26.0608764187871
34.8633131549485
22.4244066762599
38.0989085994484
36.5735583263202
34.7528595123023
36.0355475738463
37.2858784993713
32.5238828814586
40.7260587915045
29.2635630933885
38.3339604450938
33.8951101103062
33.3094486172576
43.8283436995476
35.1640621565049
33.4115019202053
35.6405323431437
35.0901745735481
28.1259559801466
31.3257986450451
27.8118612957959
35.7883286596859
34.6011455363992
37.5948090798236
33.7606320593757
30.0720653192087
25.683208230635
23.779605745788
35.077048829211
38.1809827789847
34.4389884338002
35.0882740733125
39.7306180152376
35.936762750471
38.7703498459205
35.34833909558
34.651411211827
28.6747149577793
38.5919473872236
31.9553829658988
34.3538443445415
26.7564581658259
32.046142142697
33.6638176118323
33.3461963074395
37.4287341011933
33.9454586714532
27.8532056786002
35.9774082881584
26.4505076293369
39.2516361341202
32.9751982974818
25.4484798677559
29.5335699500097
24.1490979679292
35.9984907941057
32.5834443845455
21.7190046875917
31.7671657335969
33.1188316241238
31.9117899801056
30.011670633663
34.7281549775534
34.3194670592321
34.4632431961289
25.8717492246597
29.898193553178
31.2234674896227
42.0600688351415
39.4843715966595
38.8146366245833
38.1512281821045
28.8222560441136
26.5061470383226
30.7842190001295
30.7596211309222
24.3242820414424
36.8238193907078
35.0241044221473
32.1723949951912
26.405649493291
28.2651475620139
29.3223913643767
29.4007815028061
28.6825997568245
31.6560143993293
28.0366694837605
29.7110461846835
29.4708499245987
28.6420969339989
29.3331534909426
29.9368229201443
31.3604468304262
30.0916179910986
30.3355251779628
28.8549547475896
28.3707475596757
29.5276864904665
29.1495105472479
37.3163544504947
29.1660703571186
29.1500960038013
28.9818196528109
28.3123315201647
41.1424737615106
41.0580744357712
43.3467325740586
29.2187390821936
31.9923678494316
38.5356067910364
38.8344535441986
39.0342023054088
27.6464564238098
40.4745878347593
40.8064623902893
35.5559858345147
30.7192592472136
36.1560697454193
38.0318960264257
27.680504630745
34.4543609254037
33.3908308005005
28.3114435290159
31.1485918449272
37.7210356608866
38.0927531693611
39.3942160277327
28.6248645777696
29.098004788539
40.6733041034861
40.511783609792
39.5836174374272
35.5295697298896
42.0559190937128
36.9971824667643
39.9419269268712
38.7165159001645
29.998594137103
40.4701336446963
29.5294198360604
31.5586724179084
41.0478626310544
38.1640423508067
30.3183549862407
41.2718691186124
37.415245875785
37.3013841657264
36.9730161267324
38.2145406730013
37.7223177965501
30.1293441451244
37.9364558023251
37.2201295390052
33.6271991511246
38.9309866600623
46.7647379528218
44.0198283324364
39.9822845315655
41.9154326924755
36.7377300387004
38.1393869059164
37.8254996391591
43.8454349655919
40.8826305101819
31.878133016641
46.6577345539481
34.475487196658
39.3578402271492
40.4244011112231
34.030468184103
32.3762656156196
37.9179944162211
32.0339351684524
42.3202951993418
35.9531589378253
40.6704653655071
38.1768271448871
35.5672545512831
42.143241181203
44.1017185957611
42.6804019802001
43.2892724926207
34.7174862428324
34.4470671466213
41.4731628877614
38.9770195182796
40.8721935792726
37.6452910384388
41.7152537808696
31.5952211148187
39.3363900933456
41.1211348953319
36.4584401652805
37.5702251708302
32.4558823848946
39.4382942060746
31.7051625171827
38.242258774139
39.0381864517642
28.1854159260736
31.5870618239065
37.4473079421606
29.5317392109517
45.9997783602836
40.8602286611152
39.8887459469504
36.3722600381608
40.4692992565248
38.6642580097272
34.1326318050897
32.5772081992437
43.4783800801781
36.1791151642237
28.009435330557
30.4692426966922
28.8340549075837
36.0428324952283
41.8666721014461
42.3432886271402
39.480803090184
41.592377793814
34.5658038488806
38.1987920505993
34.3178279269722
38.0166686282771
38.2627955462277
37.4577953465907
35.798310599627
36.4708520559585
38.0735028067664
38.5540383782956
37.7501455581284
37.8910060009673
36.3026162838701
36.9222958932648
38.1002105348515
37.0228742118985
37.9342976182549
37.1278206466325
36.5590646609617
37.0255981910202
38.104678289173
36.0256016730498
36.7071873800788
36.8983238020577
36.8182467069618
34.3115017173356
37.1224862593502
35.3474933610293
36.7606607239021
38.2010918736629
31.9632192502191
37.0367614409537
36.3566924898233
37.8347168370081
38.4460005063037
37.8372379512289
35.6961025357569
37.2454548460094
37.6976832851153
37.6678216511088
35.6832650866057
35.1484149834884
35.7435280145065
36.1373713492331
36.2260524998694
35.9720901448725
36.6825952779565
35.9387149443827
35.1601463119496
36.7226910603449
35.3867880327426
34.4058727026603
36.3338245037465
35.6179846128244
37.7715662177139
34.8959913074138
37.4679777830007
34.879427018495
34.2129295720414
35.4618683717123
37.7065107171617
38.3815047026695
35.9358750312408
35.4473529007771
34.8943953820735
37.1224510595133
38.7881421483995
26.487356597964
37.4161632684668
31.87739356486
37.4630883755569
36.8912204832266
34.7103538450463
37.5455790790479
37.5961472070673
36.1106241328165
37.1982703790122
38.1325888498749
38.4502659784731
37.7454175316236
36.8538918306479
37.6358795138233
37.2995756275034
38.5724797802468
39.0587335944647
36.6961375794478
33.6357151535828
35.5621984501625
36.9390850034756
35.9265781595803
33.6755812220462
35.9208289743722
39.0236022571297
37.0530208083123
37.1580252479619
34.7316892921063
39.5082052469995
38.1948064650707
38.557801288619
35.0363942402043
39.8369783761899
37.6644685901176
35.7537177651035
35.4996090605341
35.5901636176108
36.8962644622034
36.7388858872816
36.6225728566592
39.2935413056338
34.6047452191453
39.110446054944
39.6517187304539
36.4577855329266
36.2039851075454
37.5191812200444
36.2608250190607
36.7943709562166
34.5896592647475
33.685022296015
35.4687851988001
38.8891274352101
36.8070135085518
33.8671357487752
38.0294826212411
38.4995869568312
35.9802632410184
36.6667659136455
37.2656483983257
35.4928116417731
36.4852210975099
36.1591832497147
38.4719149663607
37.7801760065505
36.8230071176524
38.6418904793615
36.8182817429216
37.3584664635082
38.715138497057
35.7390697453323
38.4883952333489
36.6236530999029
34.3039629177792
38.2675035768988
35.6487265477738
35.9342700233911
35.7184341894278
37.3826675902363
34.5014633071392
37.4383711880454
35.9875824270799
35.9364712115986
37.8276840779164
37.8975089940293
37.0445738523441
39.732990851122
36.3914625367302
36.4488167069061
39.8430975239697
35.0211322768055
35.9004108040075
39.3822242958422
35.7739226365233
36.0924781406203
36.2555827427424
38.9069204176687
36.9935681820342
35.8268821691458
36.0967659524881
39.2495107055038
37.1089701607861
38.2081688120273
38.3764446965909
35.2471798924013
36.7038735223447
38.6274162577181
34.5798145093665
35.6630580691864
36.7771532536542
34.0192945332357
36.029648784331
35.9651835150627
36.6905318850621
35.1579659935559
39.7960082570051
40.8763039669366
40.5663439309404
37.8130296832569
33.7232076223509
38.7961383927338
37.0211257605492
36.1561823776062
34.4775989200543
38.4630764646521
34.1153059868471
32.9223257624292
36.2431859344879
28.0787124142886
35.4581403895616
32.0946493219143
35.0004239050929
39.0587551566887
38.4110361594034
29.189071854439
33.6286895538993
36.0808263277976
38.2348359399094
31.9937842483742
35.4728942719349
41.907353800175
37.5099012674075
35.2544438563047
35.0919103680692
36.085019090565
36.5413294176691
32.9667076685644
36.6995405123291
37.9164725668752
37.081402183694
38.8882897761299
36.5948244393142
36.6420310015058
34.7598303489649
34.2966017330726
36.5466861245897
35.1753341261786
39.2781612510387
38.8445865900011
35.1453329378722
38.5539819164183
31.8276496613729
36.6009676629708
28.1128112025606
37.2884620103995
38.058068460787
30.200123678366
37.1129060669156
27.4883210783448
33.7932123836765
36.8401201181042
36.7901228536067
34.9602629907179
33.4173882148976
38.809023696485
41.9140775060637
35.5377099187814
28.2122599944798
35.7801400753675
40.9760026948021
29.1902607777166
34.0715538928415
36.0509204343059
38.9384600463035
38.6666481096653
26.4190536246234
34.8631942699219
42.129439373947
40.0980665023177
33.6111000800507
30.510481217001
33.7231423681435
39.3819174363711
37.8847533211388
37.0573914790545
36.4563263843045
38.0638467845118
39.4807810807971
37.6494884001662
30.8182973825841
39.6419819047074
38.562982395172
38.8819562912142
35.6128596481667
41.0890683448463
27.4142069524967
37.4121513758333
36.3220334746777
39.5690591838652
38.1190740543707
34.0530882859288
36.1872580506165
32.3058337921963
35.1089891865387
31.4003798649926
38.8518959325821
38.1215606398971
36.1367701345233
35.5257191931778
37.5914956320955
40.9884320729281
38.9470266231209
37.0928008191388
32.1138400378124
35.4022585444438
34.6374533748166
38.791979709773
36.7115120987914
38.1665349821718
38.0833314618431
35.7276403403768
34.8868181043325
37.8424386398917
35.2816288923831
32.9729304197044
35.3793096079923
37.2058158628915
38.1088937500502
36.6039009578354
24.7662274606181
36.1531519146982
35.2239158756015
36.1047170092654
26.1482708447685
25.2624968476894
29.3980515494821
38.4250329759494
36.131547675272
35.6615100465829
37.4607776970106
39.1864676145214
38.1566700807174
37.1637369629367
34.8161202138051
37.7428035163041
37.3911886851243
33.6267172734527
38.8935726356375
39.2076538963046
34.2674600836897
37.0170428333581
36.8857231220241
38.6252326438666
34.872108817402
34.9721425054685
31.3906367094136
39.8894720850479
24.2449756456736
35.9690590573554
35.1025077989733
34.921922505858
36.6910333463689
32.4753496470037
39.5745898502845
29.296686015018
33.5199518419601
37.6778181560026
32.0964779470514
31.989456622453
36.4443135823722
39.2838536925304
33.3605798272004
35.8881619582791
43.4961146997607
34.4937149360964
31.5275036153327
39.3993492640377
31.8036576099159
34.0737072139552
39.8394968231354
39.391470557317
31.4382734554519
32.6635619714304
35.2481452937009
22.9455643828823
32.8704949593656
37.693012452313
37.2303953468619
35.348433518259
38.993046446384
37.0925799085607
31.6940259743077
35.0452016855967
35.3516512731653
39.1578994172483
35.6224894491822
44.2634204851069
35.071978044221
40.0691084801449
35.0881559284417
23.7635476946721
34.1726330227951
41.1654190432677
31.3262554504384
37.7281227599141
36.0941593522069
36.5031763145141
36.3871532116828
40.7845226470183
27.2279702555375
38.7252355850645
30.7370984554898
36.1851626485869
36.4903991075421
28.1363458723375
35.4366626069868
33.6928686011415
29.6996734541141
38.4728173376171
35.8198301797046
38.7439718200669
39.3705859208738
38.2796457775072
37.5470191992071
35.3861964937954
34.3715208813959
38.9535804385452
31.4471339389226
34.6365761818825
27.1556689086217
36.8648982520665
27.2513466482538
34.6476631730121
24.9096739505582
24.5793800265616
30.028734202336
34.724714508389
28.2934464624241
32.9542281138898
22.1023133686337
23.0768296329428
32.7851338338781
22.3513006624522
23.0266028697661
30.2866438583252
35.4168709612493
23.3582275175081
23.9894720181627
23.7998377850474
31.9289882349801
22.1981594302553
30.378221939849
26.7867644787017
31.3654123062227
21.5280827091767
28.175875330077
34.0034331268774
36.4492816895292
23.2814875214932
25.9139064957606
26.1481792174082
22.5852729941612
23.9485397531966
23.5858768279373
32.0846006688687
29.2036027731081
22.4045807921062
23.9550465619792
30.4142140893799
23.4487203411289
24.9768729476335
24.5108275102943
31.1052075853674
25.3966638046155
28.7304508726798
27.803130417676
24.7042305667595
32.702515162003
27.1746069688358
28.8830124184423
25.2889672770999
27.0198793587413
24.2940401804159
31.1207314915267
33.5283928954197
31.4417724422757
21.9282963473208
34.5284588767661
36.8301988107135
22.2812174027445
30.4831381304607
23.6672263206015
23.096943060946
23.1809523556425
23.9780990331876
26.8925717659841
24.4829112864563
32.202417958579
38.2089108301746
22.9198109412562
31.6241814273936
22.5368525936234
25.2375244699705
22.0835368181972
31.7089744551902
28.5655313262041
29.0220770656915
24.8027275593776
34.3774886294782
23.4229649465271
23.0140919387288
23.3154552579969
30.6179084444245
27.1624859096782
24.3441613472285
29.3868315738277
36.4990828836061
33.1383751900569
23.3728752078038
22.6517801672261
33.8598544142103
24.6392405963206
17.3972194424865
28.4834857201435
26.177077822213
23.055918985473
23.1505363842247
21.993403596803
26.4520203986496
29.2987339953387
23.2949404538123
28.5120358548815
27.2527120293498
24.7014857220152
26.852130223908
27.6947191594183
24.5168465470406
37.0927244927522
24.5745141789795
33.167721413906
32.7395384154612
25.8024700495089
32.8334383848687
28.7032110737691
28.1359475065181
30.1675245380461
24.7795433388462
36.8040854396506
22.7820082407832
22.1872724927015
21.5721618352123
24.5403993113492
24.6707929896062
30.128911272532
25.9097332675097
28.2297640060763
32.3308496571529
24.1128759007982
34.6192755328241
28.2587572006779
26.7577897795296
33.5004958104593
21.2751518244463
23.0415695062833
24.6619248562778
30.7493194902788
24.4371018762354
26.2640320895066
32.3188775377244
31.5890860587791
33.2698201912922
30.5591761781152
25.5178945251392
35.8798360221718
24.9103399759814
22.0465501001414
34.2745798506332
32.197641752877
29.8507649176954
33.8282495610536
25.3772085828325
30.1303501202716
31.1985190783129
25.5842975521847
31.8724224292113
26.343922517175
35.513080150702
36.7398008804308
23.5721914775125
34.4555220893323
25.6620205467224
33.4537433177498
23.1913521768036
26.4123782937863
36.7741004079776
24.3620065594627
32.4093488672909
30.4929961066655
35.4402023892947
28.956513528968
24.2512949677956
23.0688918373847
28.4410864033246
26.8706442151533
21.5282732177216
33.5784963340042
33.9218506937828
24.5396535126182
29.4685417415201
31.2837148294313
22.5759207825638
24.4831442254546
27.1228229207928
25.4101605550718
23.4661868197409
27.6495014370445
29.9903617217244
22.9329951825692
22.4526703050285
26.3991342841927
26.0018374151039
32.4663483069955
29.2063903716114
38.8702526242486
33.5054053115777
27.1350051408903
38.2570481984403
24.1153012890525
22.5843183775729
31.8481431790707
23.9074084276207
29.9715917108382
21.8289771606532
27.323480022559
25.816760893711
23.9915019317405
34.2103789091265
30.1559549159321
22.7520833334301
22.2241304091811
29.8209178333089
23.1268643869198
24.794950341649
31.9891378535933
32.5344430695543
34.2980102769547
26.9019086571435
37.3874067416824
30.5711152366721
29.1008029278203
33.5561255444488
25.0338303722428
27.876516547621
33.1976088237998
29.8235631560066
22.3530150060778
23.3064408542634
24.0167137572373
24.8934165150788
25.5195839071665
31.5842418285331
22.5391721095204
23.4537459069543
25.2059397478509
35.0250707355298
25.692835314269
30.480720113136
20.3754322505515
26.3670273959788
21.5893433262429
28.968236389839
32.8940085115239
29.8616466071213
29.019806699444
37.5372780182367
40.6014763330805
28.0449741594515
26.0810849442174
35.4560600096487
24.199838242286
27.7978928635897
23.6416313121854
23.9433628792301
34.6268922183216
23.5843059671778
30.2791888659671
22.9136338869613
30.5781914855698
39.1646779584367
37.2641746985245
39.3648042100653
34.0166596806894
39.4762534597826
34.3397811947978
33.326421632616
40.076747489243
34.8048871527812
38.8975963125456
42.9587395684245
35.1476114847116
37.8759215760724
37.7856207447814
30.068153691493
38.6453417287267
38.6646495295138
40.9684200029149
37.2543985752769
37.9909642470463
38.8244970338012
37.3838645553354
35.3096951461862
32.1673268076096
30.1809612799375
29.1780700234267
35.2059684974389
42.4805548880452
36.7775759898497
35.7348312539609
38.0175356358698
32.9984624972379
30.3512752633167
35.6936099974549
37.1165509155184
39.7291151500688
33.8713498889128
33.4576803477228
37.7789613173227
30.8984743560108
36.4762066682273
36.3816939336324
35.2663161818746
33.4402943230917
34.0939292188566
35.7255240070407
35.1186157172374
37.204538888608
36.4078567174518
38.3258292505429
30.6520934918173
39.0503028970527
36.5680160330751
39.6664007960158
38.8835764037139
35.0234456552208
28.3319437382808
38.557353359119
36.456369337387
33.7972091415343
38.9239562193987
28.6411621411
38.7847365271363
36.6937927689538
27.9424932314138
28.4420832990508
21.2168172211998
38.9743147403572
24.2025711956906
36.0870181966823
34.0250281804153
37.8864171160386
33.6486892996793
35.612829976364
38.0685327080851
38.2393763043003
37.8312849254306
39.3668358127576
31.260686953855
35.1827606367569
29.8795272745911
36.652166408863
37.5067440072368
35.3670517081208
35.854700428362
35.8825399542147
34.5287944819321
39.1380521406566
30.3684311674716
36.4180746402913
41.7314988733547
41.9444211359046
24.4263673383413
35.5587009757669
36.8369795275305
36.7588672922427
36.0704853214906
42.7516800935643
25.4273344595508
40.7295312636713
29.5264537339655
34.0800746765054
28.3892745756552
37.4679985720231
37.6361942161015
37.3357094377808
39.2385034234836
38.6758534868037
40.1879630631986
36.2543295713897
26.2576189282151
33.9276426328418
29.5889629681194
32.9468874111302
39.2330691601235
27.4508620143349
37.6176300343166
34.3435994761842
24.051944519869
39.841668269815
27.0650000921107
33.9974368906513
36.6188535730717
36.0573847366183
32.4978323620403
36.8174976211152
37.4138728736273
36.5818124573835
40.0518368952106
31.9199331962333
35.9794885193706
35.8685239885757
32.7964704464185
38.4910151908484
32.9451263401556
31.3388070259839
29.0809070102543
26.5661099164693
38.5425156823948
29.5583773129664
33.4863011265816
34.1526235517674
35.9598209294382
35.7473283354805
32.5005543782728
36.650438117108
37.0135439188266
29.0436999197242
38.4584875720367
33.4609781948065
35.6741998772074
37.1738633277426
35.4377774197438
37.3308238817902
31.0115029094341
37.5951825901359
33.0990791371189
36.8732297258029
36.0662012952329
34.7523869617951
37.0565909787104
36.9106546662002
36.8127790421309
37.4745604195166
35.8807194484854
35.1102544642026
36.7178293443297
33.0811717417009
36.2012382368504
35.3756893836745
36.4768719736968
36.8316137162853
40.6400595000809
37.1848221163204
36.2538967921538
31.658352776245
34.2027920582015
39.3727449249646
32.2253622353033
39.4978312892349
34.7807560306658
34.9639625650121
35.4916756490006
35.3026960031898
38.8107747283939
36.7289813494163
41.484790885796
41.2548432844173
35.1124295751804
39.1186120663675
41.1352267418744
38.12793773286
39.2691966968021
36.6386198086513
38.0822322151168
37.1688358913363
31.7871302988838
39.678465829375
37.0247932936533
37.6191070174034
36.4542972513383
35.5429387491533
37.6582670963268
36.5680277054668
37.932675326177
37.5504346892639
36.8396888469975
37.4360503385266
31.0297062422517
36.3626577883562
37.2747311826845
36.6643999374222
31.4886571508585
38.6509699461062
40.6502033511733
36.0441916309113
36.8447717594598
37.2294672747197
37.1079431033394
41.0227979145628
34.6229457202353
35.9432125129953
35.0755130294445
37.265258404374
39.0084929439661
39.0411753582902
36.207196880248
35.7583026783305
40.0577949414575
37.2442766145873
40.0860654028891
34.6516557051217
37.4683704807943
25.0569448374296
38.2485447194588
38.2194493899406
37.6803935907854
38.5376414119158
33.6109332480044
35.7418535341156
39.3427499165321
37.0000771586836
39.6509489638707
28.8791703524184
35.060221745453
35.4183619060085
39.6078555293765
38.7589563954109
41.5707217277651
34.7635276779653
39.6965603638518
35.0525789386394
36.8789545186345
31.5853936299021
31.4947284921764
40.1893963757172
37.6786534921808
36.913878590066
35.0404312247306
38.5698761301101
40.7236391043484
30.8530989187186
36.8494593353547
34.8625055923802
34.5727312679508
39.6529613908577
37.4127876221372
35.7986255948924
37.1791182349577
34.0686079957979
35.0096559690454
37.0777178165817
30.6997577459996
37.6325059184895
37.7548647742389
34.3265519284978
29.6603166119458
32.9270969982886
36.3640528123778
34.0530793330086
35.3803287585429
35.8621805510521
38.3408533895192
35.8994130893194
46.701603560066
34.869101236796
35.2384049376539
37.9937958919357
37.0635495276555
32.0380172469069
37.8029781850551
33.0616401337751
35.7128424575782
35.3645828476064
25.9268739568331
37.9170794858899
37.9129367710734
38.7533377770463
35.4442057694625
35.8870092330596
35.4758404605668
33.7978073843786
39.7338494055032
39.9777488063239
32.8924585513823
27.3547979734436
36.6867930744472
37.1740395710661
33.672362758717
33.6802418895607
33.9733638483878
39.09971371695
39.7205837385184
34.9500288754948
31.5572528956972
34.9103959811474
28.7855719987987
41.2789914551254
39.1396412435398
35.9204182250196
42.1239772616184
36.0270319728057
35.9831973815218
35.5470059038484
36.304724609862
34.2628731096121
35.0042965173934
35.8852776042809
43.9985004901921
32.233826575892
29.2394085243517
42.8422011350546
41.9423253658877
43.7670918693263
45.3157063383506
43.9466760957261
44.057768167438
45.1740319180434
37.0371909575878
34.248224051352
33.2431041078231
35.9909234113093
42.583872193124
44.4091820044778
35.0474888311564
41.6822924910796
40.1457896768742
36.0286805629879
35.7766810810653
33.2573826274635
35.4098948018318
40.7367739969129
40.8597151880162
40.462498784798
38.6683122580023
45.3255577599504
44.5373294785008
44.0736017929116
35.3741931320286
35.5132029889778
36.1489644061707
42.4106200879415
39.3092512597262
33.227778362069
32.8631374731929
33.7122936336919
38.0529812324526
42.6467561924572
34.72011043834
41.2488509019795
31.1093372824882
41.7123612586423
37.1062598227788
42.7410675973184
44.264503996448
31.8687322307452
43.3204998009236
42.5327713611742
46.2572552651431
34.3991167007456
36.8972662442265
33.635154768363
46.0750798358502
43.4301453653011
42.6837314046078
36.8183503435054
43.3771779764952
34.8553987924779
39.3150814451116
34.2090186385613
30.7890460993276
31.9045413143043
44.8607508521919
45.9868996901794
43.1245699937523
45.7216415507329
42.8727952807936
31.2261958209867
32.6234422015539
38.6504006666818
34.0665792257075
35.3825049309246
43.4491954515789
45.2432710023264
27.5094016408148
43.2339129988079
44.6549802033905
44.5260376459943
31.1568020080077
34.3985660771655
32.5653809559433
42.5316766826254
37.6156595296874
43.3464038002044
32.8272305529901
33.7402115290689
31.0620517971346
34.1511764995071
43.7708495750998
39.9454747800412
32.7208241799723
35.6906439534003
42.9823800413333
41.0898995171974
44.3517096291143
33.7794080125688
33.8046515372687
33.6217410247277
34.0670730129357
34.9246761385427
34.7622450058235
44.6427372775488
41.8553748762489
45.7001325550899
36.9503156285666
46.2265266787565
32.4735988723996
35.1767216349314
33.7900049767685
37.3836666186326
44.7773763660883
31.8057113940286
32.805955898687
45.5922429214412
42.0202858388372
42.6822895774169
41.6360098223139
41.6958338257947
34.1697202975846
35.2744893967296
44.2236006255959
43.3860263610124
32.6404692247317
33.258703802105
38.1948159849554
32.8792746690662
44.8321351118688
33.4350031770529
34.3173251385563
34.0741009486665
35.6508400599902
33.8729132925774
31.7145440979361
30.7601816890786
30.6285377775573
43.5562927539879
44.690805356698
37.7755369242131
33.7011017306295
32.0250666189551
43.9485445605035
33.6230429088163
36.0368243951958
35.0861273140998
32.938956074671
35.310845071933
36.1674510109306
33.0724657772995
34.3062172032094
31.6915128597047
44.3823574337402
36.9650476274768
37.957271589806
44.288744678699
43.8163516039832
33.0230881320948
44.032436124882
36.1657547978506
37.2726426394989
38.2712473674175
34.7837751609948
31.6706709106533
31.9684016545263
34.4869018683829
32.1413534024332
41.2047596662778
35.5680449335649
44.2816991448594
34.9658844814813
40.7188947090635
34.0701207801567
33.2985965512454
35.4234987665641
34.2551177171105
44.2266045020793
36.3890610469226
35.9337509773519
40.4450676505769
32.6142810689099
40.1792950396799
33.4750061964735
35.9343062011494
30.838761937254
34.184128522816
34.3972024997301
43.2038398803316
45.0316152022007
33.0399980501745
36.3170982642777
44.4103531672227
43.6930773641539
31.1636938586811
37.3002506323125
41.8948491422293
45.4267997440962
36.4659974509226
36.5267837979601
35.1151500967258
32.1817653337399
38.6780679811337
38.9195302791708
41.7896401398425
43.5327604350944
39.1907178552333
32.7923191027295
32.6049169352365
33.1139053464899
41.234921207052
40.0186734247566
45.9634094132766
42.7107063599152
27.702792957711
31.9323585097792
33.5878776859887
39.3857651561782
37.4526277380893
35.401367951295
28.1841587526029
37.2693244731676
36.159984866635
37.7924381804614
35.8546831767783
35.2082892037945
39.586250920144
37.5861788738804
30.3560687881239
37.7986491392288
37.5884195139972
35.5861381994434
34.4938836220635
36.4370707597462
37.410406074808
30.7594085236145
27.4478316616926
37.933938101238
36.5711852446422
32.4814521614066
37.2285921613723
38.379961611836
36.5711852446422
36.230640980133
37.1742897632449
38.9012047585812
41.3633922116623
42.715056220388
32.3328812106421
31.476977035509
32.3973804143608
37.7369865091573
35.4942354701536
38.9887775718582
39.9008222788455
29.3568181614449
38.6258146123183
35.7593987198881
32.2796141713555
36.6917995651877
29.9836325373475
36.6375718918075
36.5069901214503
41.6380638038006
25.3550064955674
29.1562913429871
37.9160093979956
37.3044409988961
31.1036818731606
28.7811732347098
29.7868172565343
38.5838751630892
31.1990388566337
31.4341718419671
35.365790234839
31.0367004540037
33.2007485262017
37.6139330828379
36.0352648547327
38.4092729347779
35.1612017307132
26.8151616020064
37.09668450211
35.5594092312291
26.6866429841654
30.7949645726637
32.2172585554966
37.0874618581383
35.4762905128276
33.0962546898284
29.0247055820143
33.2436151503635
34.3320774015491
37.3426884425327
35.5734200155359
30.8913297942544
29.303384682057
36.4873116070301
45.3022049875269
41.2727901277878
37.4876870289119
32.8367120689301
31.2638625254193
37.4188206533133
39.6272033124873
37.6319199159584
39.2716802281877
37.4311556550736
36.6575238974974
29.2297353670911
26.5162177169056
28.8261950287821
30.3496138168109
31.1049987724497
39.2245881949338
33.8279651963372
32.0934560894149
32.7234479500334
30.9004962912221
28.4741579844658
31.2885189778012
43.470159396911
38.4197970670154
32.833278524962
28.8288500785715
24.9858651112789
33.5075094419471
30.7937582155679
34.327539515674
31.6369895413336
34.0495594022825
39.6930000897763
31.3465316232145
43.954117807413
37.1535232011066
34.143809932041
38.905465185739
29.0488260856226
36.8730129315016
33.3743397436719
35.8074910789553
41.2985836331656
36.3401945724137
32.8861407434775
34.3428434872396
38.0905547976764
36.9575613387749
28.3635415434789
37.4157778279978
38.3253072577621
28.4892358645086
35.9971796492135
46.5766337723975
31.9619849915463
27.455978687519
34.0837294842927
42.8867612843021
32.7250953547441
40.8705985061835
40.2619766857205
31.634893051502
29.3092412732346
38.4625435403886
37.8292583823912
31.6227655390516
38.6002143099872
41.0211721800939
33.1994359746348
34.4230470305459
43.6434576171727
34.6804898993301
34.9616758889587
32.9224060158213
37.0914425419566
30.5821421889334
28.2575337753238
36.4774739791758
37.0606549394388
30.2251113380457
27.1029743274163
31.5422609520587
38.1414096063064
37.880590795828
37.5651609024281
29.0183396682995
30.4859815788591
35.3948249100069
25.5768369131992
42.4599380893017
40.5590299374122
35.693474165407
42.3880558544514
36.1052151497707
28.2953488668144
30.1812645177764
41.546830695339
33.7547615487508
35.5594661557857
39.5105441997457
32.5463396306098
38.5751701502666
34.8545915421806
34.1368702881577
39.1909669926335
37.1086187445209
30.2287507934674
35.5755953140373
37.3245459953585
36.3841075834406
38.5068438293118
34.7654603072413
37.7869273750903
32.2502353732333
28.7589556289349
35.9795379678734
34.6572477229522
34.515964383912
41.120099755458
35.5261916594718
39.1136485029299
32.5882005096223
33.8817070169651
30.1998462298869
29.7543246439223
36.7209161314032
34.4141196491573
33.0805932036971
32.7437741872227
30.9233099888679
38.4579583390351
38.1776402898755
34.2606422747832
30.7948182379037
35.702017451677
30.86164052243
41.944427663322
35.7343446882518
35.9071933183521
38.5712468551437
39.3409779704975
37.5432483244661
38.7333582381815
33.1868989716572
38.3372304669994
34.1627536908773
37.7200370937224
31.8883521030822
33.428488231762
35.4220974030362
32.8183328412812
36.9850089984819
37.514921389344
38.4744911687794
33.3352528314612
36.6939286804446
33.6171785192931
37.2408150840802
30.6044584890262
37.7115238814944
33.7599098634896
33.7573868173817
35.5603293914788
30.5596179471014
36.5986725874898
33.8660873421828
38.9466028670153
35.9599655374655
38.3342025811335
39.0859981386714
40.5491302443278
38.4196897989394
34.7294819842525
38.3909076735826
31.2843875880249
34.2617291548407
35.4763777416827
30.9387614277051
35.863196821292
38.2202609739236
35.3288557453977
32.9304079294363
34.5449504166207
39.078971761466
32.3931893799852
34.155788029024
35.3655154185215
31.9058443090519
35.8548491360898
38.5150223778778
37.9486642734955
35.6536636677448
35.6957728602519
36.1404361594545
36.6589894486747
34.8924051236542
39.9343080659114
33.4330498971505
36.2880173967409
38.0200544315465
32.9889369073639
36.6655937367629
37.1028695015251
32.3041185514628
36.5856504320603
36.6375704914272
35.5204697152415
38.4852084485947
37.491405847815
34.7892997887648
38.5614260694716
42.7902011226351
38.2925865618936
34.2946944044369
39.6602346865131
40.829624593525
36.2532399069282
36.1194588313846
36.0747032133647
37.1871751882255
33.5555693623765
34.6337849449198
27.9494135246395
35.8206964819168
35.8422012447537
33.9109813487638
36.9358803308657
38.0155158210847
36.1332669159583
35.5928210868131
35.8693994289325
40.0881973342003
41.6400219075124
35.1822046020713
36.9244437471316
33.1426521588373
38.5289936544949
34.1929756386515
31.5002913603578
33.1467556148653
34.7782246605719
34.7211180639376
34.6274615501499
30.6394362867613
34.3816655452762
35.066449247109
36.1718452477732
36.7965649394004
37.1325916199397
36.3490354198518
38.3134012625001
36.226734266333
37.3220478995886
36.0940618613577
32.6539919159945
32.2417693114771
36.7625678501796
36.2452234263078
39.0154172623039
38.6883258753343
37.9767066815133
45.1859372424435
25.9952486261377
26.983948429223
35.2743116257938
36.3188202536531
32.6300990354563
37.3534094442849
33.364909226118
39.2991390273252
38.411204927698
40.450832216145
38.4324163161495
33.6532920043241
31.5787218407147
34.4391393191629
34.4798761930808
35.1015233058758
34.2445067012358
36.3828758658207
39.0735516708252
33.3720585440493
32.4008578664319
34.5900787725679
35.2587695196098
29.893061393452
38.657987448751
35.5964845030891
35.4979179401583
37.0494834812638
37.2687323451347
36.5724883483971
30.7587704835048
33.7134708547385
34.3650002783088
26.2116914525987
34.7556502817372
35.0439861401246
36.7096450619293
35.9326471074585
33.70209451911
31.2908900574753
37.7024556422797
34.5488492392778
38.6510400033908
36.0951895155167
35.5470776518385
34.0571920907836
35.4879193184215
36.5382879779263
31.9441639200815
38.4715551171896
37.4413484683327
36.1621035453218
36.8568911795971
35.8232529454122
37.8072465641332
31.9164128217206
37.5631157886356
35.2431447656089
35.4931318349263
37.8150603096751
33.2045026947712
35.7370178959441
36.4808646733009
35.2426042348452
36.5094270935156
33.2924561525957
38.1020796983773
32.4672983057774
33.3669585146656
39.183294839634
34.7925077104005
36.3976732260399
29.0432717083039
25.4858131932912
40.4088866964666
35.7720794612779
34.1590652507817
33.4423079454699
34.7923206394054
37.1430665983198
28.1196122818017
39.4232418490137
36.6041050535987
36.3592048152397
36.7047495894348
32.6632934987986
35.2732115153306
35.0046718868627
36.8869961475016
36.4346787653621
31.0921290434486
32.5566074799725
39.86616563818
39.2242748370689
41.9976317101233
34.2863594932608
35.0301499230463
31.0734853030707
34.9993556351254
34.2510427284599
36.3293521566621
30.4289904788032
36.61812573585
27.8365587443413
36.1973931108018
25.8391340951792
38.655478356105
30.1784253933752
37.9145846424994
32.8259233880713
31.3806925241813
39.0752308435315
29.3328814673584
35.7291898906562
40.6133597729366
31.8575986652695
33.4001120174264
30.9731885718093
32.0495308696602
30.0990096774063
32.5197576767398
29.451142096303
36.0415242616803
29.5912969827131
31.3557692979535
32.0358378146476
35.5045029003795
32.3884056130972
38.0519341512556
31.8165089859126
37.1501016774529
28.0074158370762
33.7803260498938
33.0038309477748
31.4671469334707
33.7889471229147
30.7121773368304
30.2943752536998
37.1546777306987
32.8072344581206
18.0779755012602
31.6414687271812
37.1514662888388
32.0153719924408
32.1116378913859
31.6249753321341
35.8284346985144
41.5907157988408
38.6675715890625
34.033160588288
42.3962075116085
32.9076233585998
38.350724518003
32.3779748734057
37.383223748398
38.2019684527113
30.5732412861069
29.6809095600866
35.1329468559051
32.5366774236674
35.3215419638328
33.7678514621656
29.4528789021574
36.5314189703497
32.0976185497401
33.6570006074612
33.1566632006932
32.5351556776859
27.8260695614049
29.6702181907909
33.289872121689
34.32740606896
33.4262838601907
40.1136847276124
37.1105842392099
37.6219233367161
29.4349767426452
34.503622390719
35.2546129278104
39.4588940166163
35.1251998055435
36.397461422044
30.4694932479086
23.479220195575
37.7321275448764
34.8339162801741
25.2516348308983
34.01599902693
33.2645357501907
31.7239378691476
33.3239709862377
33.4398313824376
29.4347598230438
33.8920456111574
33.8271732176992
37.1671114571488
32.9725801190514
32.9465893225087
30.5748857115248
34.482935920907
38.3755353940264
44.3627623862748
34.1835114090841
32.2749000903392
35.337536169027
31.5062158795124
33.1811394731597
30.2969337048651
37.4086036625327
36.6180724341612
32.4230019371103
34.7624961324964
33.3239478137564
31.7431761762313
38.9355514091183
39.0136739519489
33.2743424530286
35.256865740704
41.0593076842886
33.7905856623941
40.7891813378122
37.5869790455234
34.6642425867373
31.1668820258656
31.2629799395893
26.4492377779945
33.5102372684899
36.9667202108651
29.6549720867016
32.8032612694351
34.0200311576455
36.1113440122443
33.22166185904
32.3398780948252
35.4736729133135
27.240498978886
39.1377503392417
30.8153825691845
36.0968894268455
30.3051148659746
32.0175879202737
29.1102981801473
28.8597079365213
25.7025451634768
34.3393430125786
34.4237295315861
28.5561663568711
38.8167222672571
33.2026986847616
36.9986113544391
35.6810043151031
20.7579065729538
23.0186576453496
37.9734857326923
31.6148228436828
38.2399009883893
32.9074991257788
32.1652437001876
33.0750430481895
29.6651578822356
26.4500212001789
37.6501344094347
34.6225732570098
34.6250444197658
30.5572078001985
31.5082019499136
37.0613029074327
32.0674755334705
33.4150172126364
34.7453002060939
22.0449188820731
29.6638546143822
38.7485571038359
35.8520034172632
36.7904709918629
34.9639477058433
37.848638713366
30.4661035370833
30.0523758618891
35.314841672445
35.506897185952
36.4504408903873
34.4539603419868
35.9029430809369
33.472388001442
38.0513744642135
29.3858152322072
38.0274853967128
38.6782195792144
32.494425311073
38.737177620634
36.4233589011942
38.7412563092927
34.7514163421082
34.9723888780804
37.6702837690858
34.8391481315266
38.0605755458468
35.8416549496428
29.119176424989
33.0224156128593
35.5752571968101
35.7659087084818
30.2287576883414
37.9029503572157
38.6007296521277
39.6184265771203
33.6681664182955
37.3388188132597
29.840246059107
35.9908434274857
34.5863628435712
39.8371849796242
37.3924529258879
36.7096301574691
29.9820635872651
37.1768398846951
34.8872882244584
26.1769594803817
39.565539801402
40.804275594735
36.1711187361009
38.5369796471235
28.6204934895087
37.5275225569277
31.9189267804553
29.8797065450922
34.2395240863317
28.5667131465979
37.187937865656
32.8781455637252
29.8919555046796
38.9354089325301
38.1774466939888
29.4905743163976
37.6204793329142
43.3537021276522
36.2543139020852
24.9647510101403
32.4572767969538
28.1590956878439
34.0725947369814
29.5376753957757
26.2908490765562
34.5863778709426
36.225660685635
28.7101415745565
34.1883800746449
38.4685447833545
39.1145653454712
35.6276300321438
29.1055502900818
32.137058424484
35.1801322576958
29.1055502900818
38.1573296606966
35.7036858699389
37.6905517147986
39.7599200874254
36.8901072028553
23.5879299399544
29.0605921732488
35.6983111883413
36.2870747996804
36.6793174272107
38.8378445731385
36.3277807067127
38.2557707863566
37.4107264843807
33.6663356657405
33.2992126301574
34.0873399504851
34.6770230558562
38.005187945101
37.4592962219252
31.0652237505043
34.6197262249358
28.2104512053741
28.9129297350294
37.2741273308262
39.7052523608687
34.590835500498
34.767150085596
41.9186265268502
34.6778101783406
44.3055694594295
39.3199256754535
35.680729006613
34.9682950818332
35.3728057365991
35.2543877773065
33.5008571179365
39.8577496479681
38.0421038086624
32.1763894738867
34.3049969215983
32.6195067344028
30.7256171248175
38.0793574065225
34.1118823370211
34.4297038804341
33.5902503740012
38.6393251450567
33.2458194730303
35.9667116128873
28.6599604477052
22.9628315751678
32.1898208770514
33.2920000822947
37.8239492626453
34.8362109519331
39.1075843049334
36.7273853311165
36.5184710588796
30.9816732669507
37.5323232154457
30.9041503299724
38.636019657908
38.6349722021256
36.7171416518236
34.8733933658907
29.2592683166407
41.6227093903674
34.661399886877
38.674816093662
38.1697871089914
37.9223174434372
36.1585688741912
35.9793867112182
25.809024319548
28.9838803929113
34.4257833623078
32.1453042066376
33.1989005624883
31.0994734862684
29.5666967611346
27.7357266899498
32.8076140799151
35.8658407240757
38.662085867003
39.3024960243823
39.1689461651868
32.5433199480261
33.5409324940833
35.7017911645683
38.6003312975735
32.2727656783117
31.3554560274968
38.8514491267419
27.4813374042685
37.0833553905285
25.1983747046064
35.8027320256476
33.6714345453569
34.8334023944138
34.3464352241235
31.079133290288
37.856148902012
28.5350090571092
24.5256712032574
38.9955027077159
38.7840407106442
33.1688293000145
34.173990797552
33.4854030830674
36.3216022061396
35.4992486939541
40.5424917371767
37.4121957339884
37.2692133166203
31.813789113075
37.5781282429797
29.639836615914
34.9202121466414
30.8314047860294
34.6154013820448
34.7329014748117
34.3634200544204
34.7139911319684
35.6118510891858
34.1632471082995
34.2412802607697
32.0839849095351
35.8072756317927
31.5329040684736
34.5159806802962
33.8135144483473
31.2656681285566
33.649948921929
35.9282445032495
33.0041841305472
34.0581617094946
33.1635480460466
32.6808672228982
35.8927986943548
33.555771353944
28.3789778859554
32.6418722107455
33.887452983097
35.4768377013833
33.7357233250303
33.611114779074
32.1197704643588
31.0578587763245
32.4792177199086
32.7246883080556
35.390883381392
34.3261688368742
33.5008883811257
39.0871612283558
30.7067894275694
37.6147563011421
34.0132505563826
35.2251103003325
33.1573227007501
33.3919456045828
34.9797097172832
35.1723587202805
35.2089478563019
32.1037708113173
35.5095846245732
33.8932043763882
32.2809925113276
39.3494165973613
36.1902397434515
31.6377206802773
35.485622377831
31.2375528593462
35.5656735905973
35.2834438434057
37.25542822522
28.1757877543468
27.6027393710385
34.9947960343111
40.0075025604929
37.8437684404033
35.6640015533178
38.5673743109891
40.0096032805789
34.199210918319
38.4710515321885
29.6494299289219
33.7772844957262
29.4765027136794
34.37803576995
32.0216818328561
33.0675331261168
34.2254186392883
34.2883843459472
35.8298669828408
34.9427168011237
32.5363044860159
37.760157728304
34.9178728213661
30.7399770494859
35.2589450929575
37.3788844029966
31.4254333043578
31.3400878792971
34.2424313864329
33.342152322794
31.2307389607465
34.2247960986729
32.1479817825948
33.8004981293817
27.1391987145762
31.3539858346728
33.619698924525
39.1289982928393
34.6427776815043
33.8011521707688
36.4520026438988
31.6379118820458
34.7247987615423
38.0100039125274
32.5072374503536
32.0967152844
31.8406756571389
34.8408792358439
36.8221222625918
35.9301396130299
34.9091181127213
32.5956976461044
31.9116842973233
33.6006848969432
42.3910731021161
33.4857918160474
32.5615869771782
37.2639502620776
37.5570141430859
36.816201743389
34.5601815786989
32.7432695760936
35.0286616324904
32.4782013828118
31.8023802340461
31.8245364673778
25.4556364732703
34.673781976768
37.0191502675837
31.7770651763956
35.7917875525289
28.0824457843748
35.3707480045854
28.7092548744143
30.0055508359144
32.9627267493031
37.7720511790892
33.5286476980855
24.3410747192558
29.9187874560551
38.1267338214002
26.5830244729232
34.2046751337808
36.8766597702314
35.7634467022105
34.7726864779802
26.9388862790077
40.3122227564681
39.6957637696776
39.470921342919
39.6616284865904
30.4555799152352
38.6337942537202
34.5479275794246
36.8991580514549
36.1122058742449
32.1287131184881
33.1992029712926
31.4617742804722
37.1734972740609
34.135282844623
33.0273696920421
33.6045661825195
33.4456060367209
31.7128820381296
31.9199364964775
32.3482099298545
29.6068469664427
36.3738457873069
36.1629058246906
28.9174298193166
24.2181384459493
32.9895119332329
34.0172526089213
30.5812204731611
29.5631146238299
31.563851227386
41.9734604552483
33.3736555392744
32.4760510626961
32.9607866358356
36.4585058739517
37.8107296570642
23.2663410652635
35.2177222720247
33.0839725159561
34.1437028205987
34.4387237334185
30.8828582201206
31.1254879575226
34.897364249477
30.6266883528402
38.2211464193845
40.2498693676647
28.6772888659769
31.5088825485418
36.6290981362246
36.857868747135
34.7108535937498
31.5872974717777
36.2928480411911
33.9632336990475
24.1705874748108
33.5027479662275
36.456408329376
38.4331080614151
32.1058725482356
28.6169029771244
33.7061159338607
35.0619304154585
33.2426573856983
39.0705710492619
33.7898460361399
35.8880702529432
32.5348737001171
34.4331745963533
31.8025778348538
27.3856954409566
30.2900969557686
33.7934499794195
34.2913888860014
35.3711281986348
33.3755815194648
32.0086006021956
34.764361979939
31.9414949416083
23.221222358049
35.3053464155016
35.90788920767
22.1838645890027
33.700038684309
27.5689684972446
21.2953780735904
30.9003307492723
28.0854747020262
33.3708393176323
34.6503367921347
36.9073181419738
29.847911151495
30.9198026717523
38.9088848844196
31.9754658243284
21.5338819767574
34.6116874486383
36.3889091873639
27.4249901540931
26.9651190089426
31.4151446214727
33.3467129518772
38.5416929054792
31.1318413192831
39.8191085112442
43.0960722927276
44.2276753751686
32.2025922081711
38.8307848977844
38.1855151086191
35.7285755711567
39.3041829275749
36.8049252145966
37.2062176408098
36.9353586324348
29.5395931047426
40.2496598154231
39.6953471092537
36.2467578771761
39.7543721658047
42.4658583102929
37.6736785240838
27.1142964450593
39.6465528605079
35.0823492311562
38.0628406592861
36.3303532424994
37.1800431499627
36.7023205836943
39.9362699415431
40.2464409887316
38.5313545805703
35.3292160946415
37.30306840209
33.3921172615084
36.0760234269666
36.5633926065674
41.6140618928871
32.7924949347173
39.4918281703862
43.0837214922866
41.1260175936762
39.0488083159779
35.801009393727
35.0057767550903
36.3557153246591
34.1741472304026
35.885686784524
38.639565563874
36.6392724125798
37.089996980787
37.2128543901094
39.3469839159306
37.2123577820363
33.9328622021942
37.9907419880832
37.6528049834881
37.9155722108624
30.8717890639875
45.7103409164512
37.8873386414759
32.4543059185832
46.0178355034925
36.0703293080537
37.0406094381713
34.1430928854022
33.9399779173211
32.2830471336911
37.9152473883694
36.383885349439
38.2891922290108
42.6862094511555
35.1814442088812
37.5197299186881
36.7784933306726
32.1076535920545
36.3226778839244
42.5861844987513
36.7358273259229
37.7258262595291
37.7394088152027
37.4057975648851
39.8513899642219
33.8126258283187
31.2817143742953
32.4488133023954
33.6126886015357
36.4134788817368
37.2770329872165
36.2841007740863
36.3284008796083
39.7409424460758
33.9394689541459
35.4383697657418
38.3577076019133
35.0359240912967
36.2587806443109
36.0632687033061
40.7492538964968
38.5637922412775
38.6527400154822
34.7263035760585
34.240981169433
37.6571730740131
41.2985024132182
46.3437545944815
37.321075252523
33.3598324011971
37.2498266292255
36.4449277110608
31.0546352340892
39.3126266438014
39.1492796762759
45.0873954396089
37.3153970586045
35.6236277793704
37.8515515236785
37.6904635968771
42.615237387405
39.4893903482757
36.5253162846628
36.5826529148012
39.5026127792816
36.5768942952879
31.0955050749441
43.5161977038708
41.1481881238861
35.9847612060493
38.7421007791149
40.3652083633996
39.0660666700456
43.5304167442951
36.3928774001433
32.3733649952554
40.2811074252494
39.3068054606944
37.9958411172511
32.4497675444898
38.7856045388155
39.7895086555815
39.5219017704973
34.4661692276815
36.0360095819803
40.7253104707413
33.3995701304723
43.9256433876876
40.3656492642909
37.878305339779
36.7491136603077
40.1284611584135
36.7763605098701
36.0135963293807
26.9642585869107
29.9967156628678
26.6235657805042
28.7275780630025
28.5402689257268
26.2666484205732
28.0110059104646
30.0389684176877
29.5926958779084
27.1489373787809
28.8675586892462
28.7684012624802
25.9990729316639
28.6954768053166
20.149022948226
27.7265303801288
24.6736570194874
28.5313063286969
29.8554727406023
25.0016470992081
28.5117814450141
29.0689507855175
28.6627420122159
28.7332209816722
28.7747721496128
26.9829241370306
28.6752965416942
28.0796969909865
28.1565680533042
29.3035054558756
29.3006033609096
29.0309790517628
29.6492213418781
25.9051603997129
27.636837418934
28.1122876461161
28.3560348955049
28.5105185587245
26.2619668419514
27.1768513176589
25.3086039293526
27.2926227361826
29.09309529016
25.7346218759154
25.1250128164285
24.596729768834
26.6961926368195
27.4843093073455
29.9967151196959
30.1870813066018
29.0904225932795
22.153313025891
27.759751268177
27.8293323605711
25.6528847712972
24.5011978049538
24.3370785656169
28.2250868170934
26.2877486452025
28.5366157976474
25.1825281204134
15.4366775400464
28.2244944548196
26.3329922606229
29.4727597523865
28.7978532762
26.7717445119323
29.4889572563901
23.8863042706001
26.9890214290843
29.9783576383268
15.3108589485903
29.6206116700415
25.9647202964964
25.4139206287449
28.5583406572843
27.7939070023731
28.3916442657292
31.0224743083471
28.0118501326203
26.9667252759673
27.8854550034743
29.431224671521
28.9420147018182
28.3882028228392
28.3254606689678
26.4198631741009
26.3133762549982
29.4759422874567
28.6060086643655
27.1847222409439
25.3486812634781
28.6660796100378
25.9944275624362
27.6702565755854
28.8815022282017
29.6084306918253
22.6911581836028
29.1715242274592
27.7917375608196
29.6481825331335
24.9769327846848
26.541523652744
24.3002328102411
27.8542677163359
27.7437356733286
23.822599028518
26.9689122395394
28.479166992675
28.5624894757694
28.051387952042
28.8968613124375
29.9847522957667
30.0441499541325
28.8660238511362
26.4292591288311
28.1307093905776
30.3219366853671
27.0416186772529
28.0854721979864
25.471310886123
28.9796932297661
26.9847447147738
24.7739905105011
28.1738573280998
26.742604076164
25.6626751230748
28.3971287332309
24.8098070966548
28.845687052255
28.7131645828465
27.0460746770021
26.9116102742835
27.9363583043423
27.3746164603309
26.4452049638045
25.4021080046586
29.0562011996502
25.6333149550267
28.2116377139859
29.2934323584889
27.7196280030623
28.5433813869649
27.7795247058808
30.7341284887962
24.0556771861068
29.0173810201407
27.8814677441281
27.99929277808
24.0557689799517
14.8830725465375
28.3066379333701
28.0731526198435
27.9603936865604
27.181719361271
29.390391448349
27.0624884080033
25.3795688744466
26.4096085215734
16.7807862602275
27.4826012789318
27.0142475544562
26.6524565881748
30.6233070814516
15.3231800618423
28.0635659112443
27.5534628976428
14.2975418392107
28.7174884453379
29.0323813314142
27.4956480521254
27.5383831582611
25.3368843037361
27.7144263982218
27.7268891686152
23.8960037044325
27.7730670639055
16.3444675601803
28.7918838292849
29.5480174065522
26.9868449691005
27.5723178597928
28.8487020920498
28.3279790463196
26.5404583486858
26.9071732292593
26.7767799474282
29.4638521833071
27.3533917656722
28.8013820818475
27.4322326831496
29.8220392467056
25.3203918549149
28.7332217217933
26.9735926333458
25.1450632931268
24.0410078196494
21.1805728563222
26.1858055636601
26.7074396207861
28.6299941894391
30.6335994263249
25.2699132756789
28.3088034655606
29.844426348407
26.8207395279274
27.9268525412601
26.8226069348345
29.377038729592
35.5533519966828
32.050134449265
26.6291285781568
29.9040982714606
31.9601839126052
34.9216440027719
24.8368645725246
25.5673528412149
26.0094725210756
28.7270818233585
20.0741872996087
29.2135066163095
33.6847804395393
29.3429564807582
26.5757214074958
28.0836111774431
26.6587279420154
30.4134801017719
27.0027582503933
25.5586122050282
31.4360289587219
25.3174165550873
30.2449616190882
27.4715248801374
26.7584498077172
28.8749228489475
29.3180834790543
31.0331489417404
29.0866146577078
29.2097126008191
36.9654367571382
35.7713709289841
32.3783451819838
21.473022826279
33.6802817205679
28.1273710818282
26.1135096317506
31.3636867146275
28.5551171103935
26.1564263071564
29.7445344141902
26.4731161103493
27.2157907014516
24.6564766534014
24.1685126620212
27.4479526265258
24.7817240687347
27.280486295157
26.9251524357634
24.3867005945446
30.5971993079584
25.5754917270291
26.3980679808651
28.5202787473001
26.6383789718056
23.6640405029523
25.4113162317448
27.9288037006058
28.8489152534277
26.5317452513462
24.4614570407088
26.7402208927919
27.6215989467555
21.8514142536776
25.2541290834045
26.8347955393461
24.3907288611943
28.2241150244026
23.9866750047149
26.7108158944101
25.7728064560728
20.5987702455891
22.1170659427114
25.4216552185517
24.1737999511429
30.0381690249724
28.5128320427144
25.5748269206085
38.1263368567051
25.2748632408333
32.7929226150119
25.2321732074353
30.2753496196472
31.9941790834549
34.9541900334938
24.7285435351381
29.7570309121133
32.6996146861576
26.6581148671411
28.9515019125817
29.5040900097339
38.3352495593534
27.967983663159
25.5222067517677
27.6056517601782
35.8432323953973
23.4050398887027
26.8385172901316
27.5348606977291
27.6419067782576
23.8149985987756
22.3647202739276
23.2686570945694
19.8611255861879
25.7642705687579
24.876614097862
26.2409530834865
28.6758526849116
27.1279151006661
33.334732636646
21.9165119411905
26.3144131715315
28.593599157746
33.5741177347456
21.9181416130002
21.3814502709464
29.729349190789
30.2111603307606
24.1273785353902
26.3396672683069
28.0179733600356
29.7173129828005
29.0014330892586
22.3041379632341
24.6769401625303
23.0487424907897
24.9834603759183
34.5219742870699
22.9260968134091
30.0518979197903
26.8240044172699
26.8078190607157
24.4981807807698
27.8607390649244
24.7059975856635
26.2127092598184
25.9880359161205
20.958612311929
28.6553059770521
28.7253737497241
36.3746019001304
27.214405980335
30.2514470540417
25.4706642204746
22.7837017291364
25.0513342266318
39.5365919283423
28.7291585656442
24.2528184330677
30.6010352385608
22.0713700264036
24.4151266693904
24.1086531754938
27.3855988295339
28.6327359084381
33.8629807563555
34.3180111410262
27.3737414694731
26.5904747278923
25.1336077907268
24.5591292064691
30.15265574168
29.0311348671952
22.4224056150503
24.325007484121
24.6828835207535
28.7806853503195
25.5778305431668
18.5178545990887
26.8734230664792
24.4486818556679
28.5170989882518
22.5708173544612
28.3218502669578
28.8683364093577
25.970189226547
28.8860926117577
28.4593366210595
26.1616021007634
27.1899340184127
24.1390590285294
26.9041218515261
35.4419547877199
25.7796046219931
24.613003170013
29.3763592107133
34.0840419108539
27.5465138189714
29.0704665836747
22.1937013043113
26.908998344106
26.176369007638
28.3582236643083
23.9232121074059
23.1482365213719
25.7635063638395
27.494068607687
23.6250756872453
26.3672686656638
22.7392693870831
26.6219639595171
25.2709324901679
26.6046005658516
25.3886649089391
26.3902421606089
27.5582298902555
21.2242612666125
27.105120033455
24.2695210819267
28.6236766584656
27.5461529230279
27.1434556355786
25.479990873516
25.0350907401522
25.6781745250772
33.0228562922432
24.7081883798291
26.4867709990171
28.081663505688
24.4467070518317
25.9580526333975
27.370207707356
25.0261193696181
25.6822483470111
26.837860504132
27.9763235725747
24.1216127124726
24.9980542301125
26.0746546835389
26.5099093782949
32.3472373468227
27.1657585971811
28.6296291128974
26.0161209574424
22.9276075160937
25.2689582421574
32.3052641841045
23.928803435882
32.9609048233827
33.9780239741238
25.1556196527688
26.1488081968254
31.16866693566
26.1097514655691
27.1836675368021
24.9313420284463
23.8572047563437
27.0780756330144
24.8077320682898
28.0879371257108
21.3483909576018
25.9265683781804
26.1620725057766
24.265052776033
29.5019609403327
25.6119461926166
20.6120329679816
23.523962305763
32.6680869195639
22.0093801128531
26.8909576714653
26.2902664215765
28.3011931523612
20.2449748576841
24.4574075894023
28.469354234401
27.6334222317088
32.7121632059383
40.0080238985129
36.9023194549518
35.1200562506144
37.6657329393629
37.0325275857704
38.570944205329
37.6991301385655
35.3401982908544
32.9767396256736
36.7867403073137
33.7966157822013
36.1296712102479
37.9180264377586
32.5813812117914
38.6233913560209
38.5442361574436
37.608629341496
35.290151356952
40.0080238985129
36.7338304317529
36.3600961281045
36.7338304317529
35.82000620377
29.3575221306383
35.6002530130814
34.5138717073984
42.5847237363735
35.250381958699
35.7441418855797
38.2951525502007
33.210935915838
35.2187697136954
37.2766551359562
39.4883260578207
36.5971238596574
37.5627424644167
35.7794306722563
38.964722025478
38.1184183129012
35.4115408952946
35.7993358811672
39.1523535751613
35.9330520384571
36.7369701221611
34.9904115418267
34.2156127222116
37.6573625795944
36.363295608804
38.9832518875783
38.414275561665
36.7556810702282
38.5562242369142
38.2937015658868
34.7570203619598
32.9767396256736
36.713454608285
40.1112428896241
35.791258514318
38.212693527969
38.0885446719176
39.2671214559461
36.3711628896534
36.2540546850199
38.1682188772977
38.5841451748279
37.317832902302
36.1242030585671
35.6365766513038
36.4331893880891
41.1819320054144
34.5673468480368
36.8820599165321
38.8253479077047
39.3292129094792
38.3236930930927
35.5130924078376
39.8573872247179
38.205933605086
37.6351875612026
39.5627419693266
37.5852552885362
34.873356862581
40.3714677189364
32.2654208493027
38.9999902123635
40.1607583768568
33.7654957027593
36.6347340811621
39.5236292965366
36.676892601342
38.3774756125642
36.2559821341036
39.7342566529986
40.8852236219507
30.497010924993
39.5372422771754
37.4233614192863
32.9040092214899
34.4524829459471
39.3170581689961
34.6208071377609
39.4944284454543
36.9250630218889
36.3625909037896
38.4784233443566
36.068517895232
39.1391151368958
27.919503031104
39.006280836382
24.4815174629359
36.8913061162461
37.6112000279758
37.1027463500331
38.0312544299835
38.189031118356
37.4675171262718
36.5859196953314
40.1481355063934
36.9000404368058
38.4334068374871
39.5606012541866
36.8510925451164
37.6960572486009
37.947047287817
38.5247867683071
36.2515343655828
37.5107082542365
35.7666237186469
39.1505017944028
36.6927103608677
35.3757795413564
38.8887732405302
37.652228220995
38.7408514006027
39.3719875115222
39.19163992238
39.4236550307175
30.0176183762219
38.9020966927403
36.2696397934723
35.3358244950973
36.2298781480274
36.9025687997247
38.1649455394407
37.6063368828663
39.6589456266602
38.9076813484418
39.0647027415805
38.3436747768582
34.0184430580214
39.4189298442812
40.907990412147
31.1971293226711
34.7742823183287
38.8183979307983
38.0106141080018
37.370512456489
33.7581096748943
41.4290378341358
37.7454086390574
38.1811382634638
36.0520490871074
33.8803121873907
36.0380613443986
37.3105329309917
40.3896618601561
27.2293491496235
37.3134230254736
29.9101894209425
37.2035017612367
30.8758205561058
38.9173737330623
34.8672239710283
41.8469712883911
39.1201091656156
38.1764401827486
33.4208687877499
36.6773873335866
37.9363945583778
39.1471295827936
39.3010796969525
35.3785704462513
35.7894616146718
38.100874393082
39.9357696999661
41.3053964654051
37.1562966783425
39.5581358402738
28.7273932833968
37.2363090494013
37.6350129878806
37.8543410853079
31.1225881830429
40.9139346200727
41.0369419005047
29.8371687455629
38.8692366900959
38.5041953956115
39.5364328668232
45.2279949490957
39.6576264671946
41.1247702862025
34.0857760797938
42.7631331170755
37.6339410031587
38.7962004894317
37.7839009310402
38.2714749143842
39.8927266355418
43.6216997715065
39.0340724242822
36.690128494714
39.0823144615632
37.2872414691329
40.1061574845858
40.2850381884172
38.933737463128
37.9514519252127
38.405147439366
38.3302680742239
28.8205015501543
39.085900244448
36.1636495335631
43.368947896503
41.6077966672366
39.1282645858686
38.838296447317
35.4481830494054
36.09026172964
32.0365479002018
29.0793012289191
42.9226727850855
40.8634604441208
36.5763125592391
39.7269095578294
40.2244244266532
37.2497048423492
33.9173459473455
39.2082670835956
40.0757291658735
43.7576316967807
39.8352620809542
38.4577523992746
40.2057897797308
38.9856221152028
38.56086710059
39.6594853456217
39.7806394749611
36.1217311981091
46.180104625923
44.3618132191515
41.5657724615454
38.2840217709965
35.8635915467744
34.3502661928629
40.1386650136811
37.9252583789957
40.7863639075823
39.6410710819594
37.7562955277353
38.942030909447
38.1911444916369
42.3491272494714
39.4056380673491
41.2999365889218
37.8802767043918
37.8629450618704
35.2255934218712
36.8705786715527
40.4878189977065
36.008072106629
41.2536454946798
41.1035714541204
39.3071231296234
43.8575817756663
35.3968236622282
38.3440538479833
37.1901886507573
40.0426235761388
31.1392324423664
43.5959612868096
31.2559858309559
37.1981761727783
29.7268959803951
37.1907665419575
36.3153535778712
42.6324078106087
37.8367916880724
39.1045105553723
38.0830650409301
33.1589724655159
25.9337386880205
36.8096986187424
38.671840580131
35.6200602872713
36.4970325187361
31.4293217981565
37.0754075495493
39.7838508423857
39.3551228570501
41.4464579413484
37.0765772542301
35.5483238556086
39.8520236240092
40.2526798906179
38.0227975653778
38.6251877549644
35.0110820497415
33.7849066167577
36.9913080679681
36.886479290541
39.0538252329061
40.8942027062166
31.1607835192595
40.226803750493
38.5830552522981
39.2673375575225
36.7548209657428
37.154551570129
37.2148731273073
38.5951089729539
37.5101154948922
37.5351174096309
41.9809981445107
30.3415590632293
35.4795666306613
34.133249604763
35.0769180794795
36.6342812796584
36.9944262228715
37.2932483528291
40.248514994055
36.369646603554
37.8047886617523
38.4976132750619
30.4005184592708
28.7749155442104
36.7364598706446
38.7572315973557
37.3631383092612
31.0147004132275
40.9401146577227
36.4798552108459
38.3265347538853
37.0847994711654
32.2470985227638
37.2338051661332
36.3234640344709
38.7534908529808
29.5014067175867
39.9750053116912
39.7040292749995
30.0284347680523
28.0361545340263
39.2664068786573
41.6894124807812
27.8464267521068
28.7648755793203
28.5022479007459
41.0738540506002
29.0709424436931
37.7674988025173
40.2225023745027
36.6862494401541
35.552108249554
36.6339718111312
37.8880072505436
25.1630134751404
40.6791963951943
40.2363369113063
36.836997917953
40.8406828209266
27.4370147507549
38.8402551936859
32.0117657039571
39.9730495697402
36.541653689018
28.8696207556959
27.6518850089589
39.8227954097186
34.8102049936269
37.1720562064957
37.7687169093
29.7358389818104
25.3761687365692
37.9884827549224
39.871719242284
26.8787935854119
35.2848393016497
34.0980192149001
32.0248225228661
41.6176819910758
35.9225915871067
28.2268194917824
39.4951030320791
36.4580454628829
36.6525588691102
35.8600355907479
26.4152543742969
34.0696679376717
31.0997828445507
41.2571956407513
35.3313979980335
38.8254240699339
37.4321874172122
34.1618509611014
34.3764259635496
40.2772700109781
35.3097722043266
39.1859062339482
34.7029624145331
31.1236536350999
30.6265877255621
39.9930594601435
25.9546159985238
38.0576762264284
37.3357354430978
36.172137947158
31.2322641575958
32.6482603825919
38.108919828937
34.1203501514495
37.5717418184541
39.2715060121682
37.3945351124822
39.4344174024538
33.9177417083647
35.8761310566176
41.6970631607304
32.3576970915951
37.4468784927042
26.5635929804552
41.4599126802317
40.0533058388111
37.9395545119307
28.9754478025831
40.4340723601942
32.7891487333572
40.3188510067282
39.8755988137084
37.502307244166
36.7338029858389
34.1099920590415
34.7720651126901
36.0116988715225
31.5574094250514
39.8667200862121
34.487999088173
34.4996926912749
35.0463597348746
36.3654118759681
28.4796978986299
32.6655659435833
38.3517827179169
37.0008503437529
33.9540913531927
38.2248621448537
41.3181259581358
40.8132521412637
34.4350702238428
35.7865272075557
40.1557934881779
33.3724313329276
38.0682880380995
40.8595472040462
36.379801666258
42.6929023800025
34.1382819210211
29.9524615645486
30.0622643578239
37.7649307889271
36.7704990012392
28.537083221863
32.1584008452417
40.4294275313082
29.2757716123886
36.4653062961032
28.8057700365465
39.6296025390327
35.1343724297033
30.7282692794881
43.5356423655892
30.3157063053179
38.1187107511693
29.863347609649
28.1217992707093
35.5563000315579
38.3528101018913
32.9564300157822
29.8075794551253
42.4593791053654
33.7265032709808
34.3344978402111
37.2906887206642
36.0679303513084
40.014109669929
40.2715768236506
35.6783389071347
39.5839013775447
36.8755651435469
31.6400380908566
29.0607902087725
35.6258126722646
35.8764448302519
40.6711728117422
38.6216550261056
40.4218520946456
32.1010647981265
33.4779218301972
35.7702971397639
38.3047284049248
30.685622466718
25.5620047387657
26.2803735579222
26.6892661024451
26.5520990554488
25.6875310146344
30.4093825606138
30.4986309955795
25.3982773043584
24.4171154935315
26.1029920827131
27.4077343146419
26.9101750962249
31.2084126401253
36.4098067757167
34.4435357238947
26.3850446825109
28.0963014549457
27.5474761816712
26.8696053512383
30.2537085711464
25.562206489683
27.079323128269
29.4695414972088
30.8350120172025
40.6400538253177
26.7950369505086
36.1199223896827
33.1785020243412
36.9461792450619
25.5903447612785
27.8691803746253
26.8898131466328
28.3439124346549
27.3464199951731
40.257455340908
26.5553860335841
27.1293411642577
29.6088576742001
30.9786844941211
25.7088996771779
27.5230726882147
35.1230626515869
26.1591130064563
33.5523490570895
29.8263507202005
28.0542199839233
27.631032724932
27.5412376330857
26.6938556871529
28.3180409237941
34.4066474293409
27.6789007716173
26.1863771435765
31.8352139692056
28.9376408958401
26.8080323074509
26.1501918616302
40.6532079275597
35.2749449638866
26.9879361193592
28.7527420162798
30.8693222724712
29.319866187348
23.2592122980607
34.0045936666133
20.4992891413267
25.5350813489963
24.7004685164586
27.7712617590532
20.766735627903
28.5377613160718
30.8416327743973
35.493442172273
35.8508982127548
25.1062726871333
35.7414111124251
35.8856583093733
27.4447019801779
23.1626564612347
33.0977246483676
27.0933937506258
21.5705724575716
19.0213264663473
34.0559620170146
26.073108172558
37.674086602288
37.5608641523315
34.7634921983521
30.9586736596593
35.4935708580423
26.4648605221005
26.7772990071785
28.4743523162092
29.3218700268902
38.2560194743994
27.483706741121
28.0683430965914
35.473446575081
25.7017840260887
27.1115122229999
26.9284988521802
30.3145590490921
25.5814662858718
30.6764287056947
28.0341510810246
28.3460523620873
26.4208028145798
28.6730664491669
29.5921114566021
40.6380082609247
35.4444954815782
22.9794134951858
25.8680180511851
28.4356659428349
34.8367761446178
26.7291888657601
31.3156985021103
28.4216207728733
24.7231131800772
28.1966681375068
26.9980103638222
26.1441071922784
28.7537043526518
27.95753466094
25.9128416188173
36.162455040272
35.0650885655142
38.0111537115303
35.7341603502683
35.7603492814807
32.0044848480851
36.9970970007177
25.6472083844044
34.5849361326894
24.8479092104124
31.104143970039
26.3308382909116
26.6237641307467
26.2904118305464
18.5892358074949
27.5404809903868
29.3210639991459
36.0699628593737
28.7877055651383
26.8103455187633
33.0471667135878
27.0388428020941
24.069465115612
24.4855824521272
30.4083134281762
27.6062076108064
29.4386408796134
38.3264129736174
37.9719617210784
30.5621409001055
29.3568140927828
27.4106424997803
29.0288215703985
30.2920426870135
37.3075911870309
26.7029440877413
27.7552850298307
23.6339089987848
28.073590755757
31.092802450307
27.0795350636797
24.1181341757686
30.1540528235485
27.359401909481
29.1362485935629
36.4021956402212
27.1036273821447
35.389973030268
28.5587926404207
27.2985902575287
40.1362224470393
26.8101413634408
34.3107262674756
27.7254431638775
26.1896779373117
34.9135136588922
38.1765725411724
27.2725389245736
27.9551863838018
34.6711429726921
30.719255414329
27.4303697533629
27.6098439872696
27.966558957832
27.9395751708896
22.7824187074987
30.0653997010415
28.0625700842792
24.5721906105065
35.8798679835612
27.1493184479982
37.661607846653
36.8979065351555
28.7230400358843
33.1213552745453
30.5900822788672
25.9329387826454
21.7617384792495
23.2349857252509
28.3773311294255
29.3501199470884
32.0417128895772
25.67055214946
25.5324161026608
38.2464452357894
38.4033318834118
28.5892536288312
39.9295943141349
36.1472383266941
36.6763112980225
34.4371706833978
41.6032881271388
31.6661739373511
35.7168687953897
27.3511781577832
27.2823630746366
34.08792973456
35.8623850871877
39.9918139090885
36.9992295411497
36.6838601851875
36.12267044895
24.5236280014292
35.9964556525704
34.714727731411
35.8365961373514
41.3357524424949
27.911282025536
38.0422519046946
32.2100959896436
32.3242556235013
31.5974696346917
31.2825025198663
27.3339265400209
43.9377759619193
34.2247117694682
34.9808292891466
34.9669270551835
31.0123845772758
40.1513699875705
30.3029250748652
37.9225574624327
31.2191437121349
33.6471981508772
37.4753003436286
28.9385467813187
34.900180631352
36.6225315779107
37.7353646054571
37.8850936810238
41.0013773776995
34.8542028492487
29.0059247225727
29.7846548105975
37.8425974680047
36.6305887790153
36.7773510140142
39.8776921138966
36.7309581413208
37.0804610204295
43.9354575934529
19.4111871143568
40.0557003131162
35.5792510938558
35.0143213425363
37.044813173222
33.2862205744861
40.6064872507585
37.8942038524187
36.083595579578
33.8729298608602
34.8867536164648
35.7438691946407
32.9849152009419
35.4679947153232
32.5942982613008
36.0923082967222
42.6413645884209
33.7646376116842
35.1715051522773
37.5429709657847
34.1648256864346
31.1946390734232
34.872213788099
27.8840304868942
33.4229552522707
29.2545584269001
38.9828507232429
35.684861795727
36.7220732837364
35.1502949419362
34.4912314411624
38.0770975976491
33.8800475760616
31.1820252333696
29.1234820727521
29.4852353544685
33.8723330961618
32.3673006258619
44.5980234582961
40.9524268803643
30.5679796946438
35.6910922573168
36.6905974963154
33.3599222150877
38.2363218558085
37.1280399524515
28.3537560085754
35.0233999180411
34.7687892870917
41.6271843807327
38.8630529445176
34.2482426738183
31.2825346255881
35.8138650424561
33.3224524872799
36.9864214570992
34.9228689016103
32.2549176851046
34.0153965269144
37.5312881586343
33.5509667408982
36.7446223360917
38.7786821788403
42.9981371311684
36.2881003784252
39.0684159822879
32.3112023099893
34.1864681891515
32.2907286547327
41.708126695508
35.0832553038097
36.5223673951859
32.0988855722886
32.3416629452627
36.465451168842
37.4794666877972
37.1129622578159
36.1072012814549
29.9514718686133
36.9926648790601
34.8774191750565
37.0456705142487
28.05929798988
36.1214119108115
35.9662099435907
35.5305713805908
32.2670923650259
37.0984155099962
42.9239000525319
30.6179294328259
29.605855915859
40.3248243908057
29.9125708519009
37.1772277573097
39.8983646163377
37.709178983502
36.0499616453168
32.8873877874775
22.4830163368241
27.9985850355423
33.5437706547498
27.4152666226516
31.388646498455
38.0810486120656
35.4006759200671
39.8003675777752
33.0735126623349
35.4932312815421
34.7725050847039
38.1125883801499
31.4907858781129
40.3983723610763
31.7617065346781
32.8182684721753
32.7673396890185
40.3358131461937
39.3072436891996
31.4895610210134
42.6511810041902
35.0679802311361
41.4562726448957
39.332566319248
37.4079310761082
32.921741000652
31.4004964777262
35.3133957603187
34.8905593699625
29.0239992796343
36.3585043069391
28.3418641987338
35.9383310327684
32.9349948436811
32.8917844050881
27.9804301302828
37.6559984087221
42.70587656177
27.2951048774948
39.4307851547844
37.7802335288163
39.0642654194161
38.9254926198597
35.9977065961443
36.5138048415157
36.6757073831118
34.5642565113455
34.062843279658
36.8728996766473
37.648954884232
37.2934724754719
37.7288865568852
36.8368702804095
36.3782598491707
34.3941142495256
37.1076957259924
39.7437473204604
40.6140490675072
36.9464116297286
39.2174381613837
34.5856864044066
37.1820288577437
36.3369056557649
28.8832174968912
37.8974131195949
38.1487177438636
39.8152801879988
37.4609548706087
39.4266880911223
35.1926612793098
34.8993131986615
36.6638733550439
36.6920141310471
36.5751005129057
35.0024435819287
35.603318180928
25.5181290178532
38.7032604697422
41.2584478328818
38.0082004549843
40.6403160165443
37.9771674986291
39.8738766004567
40.1598486556848
37.088906206356
36.5580026408915
37.2612121868025
37.9381988678949
45.0340893498859
40.3934271088946
39.2032600492648
38.700992618703
35.2833104535432
36.3600051495555
37.8068123909679
37.2138473570825
35.644651582149
34.9865867193879
35.4147609293022
38.7405456566974
36.5310108599222
26.5946028047681
34.8490391733634
37.3957226095199
37.8353293021968
38.4652203285134
37.2906895368848
32.632793151574
36.2128067659443
37.1306942742906
36.8723445054023
40.6647438091541
35.9664394856095
41.3107564010126
39.1516343426639
37.5947861639158
42.0237630491184
37.5816814922602
36.92771642021
37.4448471364025
35.2111914155653
37.4866510163881
39.0148995627473
34.5246777829923
38.568738944276
35.2726001642452
37.003235349587
35.7463537514767
37.1458318868449
39.9660415373556
36.6964607176079
42.0763495504114
36.6984071964296
31.7889403193535
38.2549602437257
38.0572340728216
36.1048187775591
36.0513914386186
38.2875057085699
36.6994108311205
28.7937367074259
36.8876780680594
38.2615489273614
35.7803012359894
32.6727998703831
37.9660188772484
36.8055381182883
37.671423685952
35.7397200355372
33.954724870032
36.5333546900793
36.8433583188594
37.8623704845652
31.9484585465102
36.1623631191491
41.7092390116954
39.913668903552
34.1628288336481
35.3040155146506
37.5640724961802
40.9235294777327
36.3418758487418
36.9662699334855
37.5678137545473
39.0565635307086
41.2445353742165
34.5289851725445
37.1713436361583
36.5236823156835
36.5041098428226
35.6377507634195
39.2463842242829
27.6954826298643
36.131378629465
36.394416261458
37.6685072869653
35.6194869825582
37.511611842402
39.2407753998498
36.8406370779452
33.967447001913
37.0540774094374
35.6466942425186
30.8955384270358
36.0668984623725
40.6796808806338
38.0779193824641
37.2736559406483
36.9560519410681
38.451452678453
37.4049905757568
38.4242874589588
31.6039045077151
39.5715856452792
36.5168188936221
36.7271245511158
35.8938404536107
28.9237031713309
37.873518706055
40.3348812782638
36.879771235202
40.9007118462305
40.0564259411272
37.9514499926395
38.5868594503334
34.7644171238665
35.6587815038975
32.2020990085218
36.8356951617974
39.2520874410156
37.1028487666184
37.1751420430677
35.5303782012241
38.700886743862
24.8126428143592
37.0650720311404
36.2416178918534
36.7503082830194
32.7459284711876
38.2308601294066
35.6217643589291
39.8071816386002
37.2802619034024
37.7819290201574
35.3328104703157
37.6440249981383
41.0534589286615
39.1343262885159
37.9010680083854
39.3086484457754
38.5211441206652
28.2083952639369
36.5488684787355
36.606924385386
27.5846728192572
40.1582322951971
34.7084685127393
38.6598422449471
41.7073787282271
36.7609082516481
40.8395980211824
36.5836721615332
34.8727639521029
37.4447703554146
25.886181246153
40.1801566798675
43.3722565039314
36.6255819289257
38.1389280934077
37.6308684309651
34.1458374809262
35.3300706394802
35.7225637054232
39.260130479342
33.687798736836
34.5536303294001
40.0099362424629
38.8773935625481
40.2367122428557
40.0156281195989
40.4901626165752
36.8819894436474
41.578392857461
35.5545123275799
41.1729022407697
41.3934242518098
39.294518530342
41.3141431738918
39.8568141530455
39.592721016702
36.5887600237741
39.0979958597131
40.5862060079932
32.3950032601988
34.3624653036118
38.5835431625626
41.1182121210868
37.3166801894285
39.8727700406434
39.4866460118317
38.4736774578257
36.2512741927291
36.5255536425784
41.5677363508938
37.0144695191711
32.0660947399233
37.014619825006
38.0855974222702
40.5087841140976
39.9186022543525
41.2834054488661
31.108531647956
35.3722931206077
41.9538826653742
39.0246134955797
39.2288894266188
37.8250965430618
37.8880734671568
43.7035011282933
39.9930554884806
38.6379639541228
38.6138048046955
39.4365348497105
37.5682860914651
35.8099849167937
37.2139626575894
38.2972932601706
37.4015836107193
37.1815729073678
37.1352387604455
37.7478661697201
34.5860003611872
36.4799049814484
36.6923815794046
36.8371105273828
39.0312301154062
36.0745536609816
41.3701270530491
40.1221969658264
38.8231989025033
40.7148860662859
39.367463785841
38.9466248285166
39.1981199492272
39.7535571454168
41.5189635160672
39.9776286988008
41.317630921368
38.0380059752683
38.4304259452719
37.2939425617334
41.0896233926881
32.7794420504958
35.946913375805
38.280765189527
38.7526256996879
39.3244212631485
34.7840695166998
38.4193069736531
40.9043784015303
39.1711804290779
36.3847553662029
38.0642999393653
39.1609330179137
40.207872358143
39.3533828390813
39.3399152808347
37.2802322763802
38.5634908013237
39.2103973303307
42.0556597455508
38.1802880023921
38.3724335897208
41.8974624936854
38.3373955641152
37.7813143049439
38.6959595574068
40.1780219905132
37.931231214946
37.1820585426208
36.4418588695794
36.1242809881569
40.4975045506729
39.1792260003173
42.1321530045251
35.8705913018371
35.3943729071954
36.5513805709001
37.4832608632921
39.3426047159784
39.0931533020647
39.3597767033115
37.869892075713
36.4097373551394
41.8084837676563
38.7610648002939
37.6237366170172
38.531519027386
40.5404240459533
39.2245289554229
38.8208349910426
35.9522823492286
33.0026820501755
38.110373697477
37.1280780273081
39.5149905196675
40.140372589898
40.4172174095411
38.6647671558243
34.14845189738
39.6056680947605
37.2960893483833
39.4738220670164
38.1332160305987
37.9876107893662
40.7654425608809
39.5172158192806
38.8150073045668
37.5602477446469
28.6658172723043
38.9327278754553
38.4108603262411
34.7303945994071
42.3718139816688
37.7148971819909
40.4619772054117
37.0023106363047
36.1560657673511
35.7211437942383
40.4859196719773
39.0834716877071
36.8935197073046
35.8518623664073
38.9750248912324
39.9518355954748
37.5215645587391
37.7183563047924
40.3711086332077
41.3901990219389
34.9946655323614
39.1639204925572
32.2755670600545
41.3060973702638
36.4439433437361
36.1862702547266
41.4431819753065
37.7326109120016
40.2857934094519
37.0800113354315
27.3656398840756
37.5117138577208
35.5163411082911
30.9821421654514
39.3174452115966
38.4640002426369
35.7394243805633
37.7969699473051
37.7635168883721
36.0871818592634
31.1059354227387
37.9114967472473
37.7512646632429
30.8288320156006
35.7053033675617
37.8865094720082
34.7352025006272
37.9140250188006
40.0561483864598
36.064160833316
39.3924827230958
42.4548691733986
32.5898883485888
39.2600632008059
36.2142612407011
40.8704899574951
37.4760804588101
33.309173187067
36.4785693310639
40.0855414363836
35.0725901620015
40.2590776305633
39.9931632538635
31.229209719712
37.4691707999413
36.2459114973546
39.3732365182334
37.6002097983447
37.2927936333473
38.4596637559304
35.9271436116596
35.8609144905986
37.9110562168653
36.0565504953116
36.5911386466603
38.7168040353614
39.7748052647256
31.3711392611862
37.0975652439687
30.933525178388
41.1595358809845
36.2870398897462
36.9813964775387
26.6810560158065
35.6479215022345
37.6449550813454
40.2641513870522
31.9225623649577
38.2390780666858
34.1698618693559
39.7504748872619
38.5130899613585
37.4153451822512
37.2109663934644
38.9809184333325
40.4073420657001
35.2358619871237
37.334007756764
41.4129463384734
35.1727037882672
39.3075732431999
35.7602963427028
37.273669178501
31.618053368483
41.6202477856047
36.9309359441262
39.4884297265159
38.8977393274489
39.2196580436254
41.3035019206495
37.4952895582333
39.0962958160878
37.5478211094702
36.9829889520116
29.713107611199
36.7121290302237
38.5272756256904
35.06822647053
34.3138077048355
38.1338888523862
41.7017961764712
37.5625933230969
34.8533990985729
38.4138821637391
35.4032418167204
35.2467652208103
34.6241678945557
38.4743000174978
39.1660397878248
34.9525208939208
36.0262679842414
37.3969748608464
36.6898390202407
40.3651147555133
29.4419966153453
8.51281671310185
25.0927575518011
26.7694530920405
26.752427035073
27.7761937576877
28.1726868565178
26.7306762629951
26.4185556257342
30.9957017062078
28.0751450908774
27.3048494367004
20.2519199251882
20.4141450666783
25.6440894441587
29.120886253769
31.3852733872117
29.6107637686017
28.7619649731061
18.8430333991483
27.4827263310819
19.2096668969933
20.3973696450543
27.3069559054751
26.1050772195398
30.3257229722436
30.963179167289
30.6265121721879
21.9947562623933
27.0101491927621
22.3281612745711
29.1004387247291
30.3046272357459
28.1600745908622
18.3590232246863
28.8119849757125
27.8028732055891
30.7309708153768
30.2745567369646
20.826858943486
29.6641763058545
17.9436112037219
27.4298183724285
29.309569098553
18.7930317225552
29.9993015204702
28.5318090424124
27.4393030636513
29.4091987490993
38.2293878224533
33.8611224077484
40.7380843229331
38.1321662013948
38.6097976441694
39.9039654131434
40.2441136205358
39.5013341879995
40.8207078458194
35.9272232597861
36.0031905997979
37.5054643718277
40.1777072931835
38.9725670622888
38.2280574259671
39.6024521490202
35.7346298671047
38.5333722405281
39.6980639566368
41.7085949537914
36.8236624059848
39.280607291478
34.7498394002387
38.5619895008734
38.0611496155181
41.0255218116745
39.7380147156369
38.5989822301446
40.7191191919291
40.7945618750008
37.5510293489753
39.7367052045254
40.4913445093516
40.168017232568
39.5921389177745
40.9504477706342
41.004370031549
39.8318695972739
41.835182564823
29.9143956309599
36.2595586182395
38.2771688171881
40.7075269884932
36.7493032613714
41.2368540248883
38.4448624430689
37.6419165237118
40.77645809431
39.6471709417556
37.6667385694253
42.4576618491494
32.1736181983331
37.837436838983
34.2525475977934
37.4558022411233
36.746573032047
41.1351669204099
40.7910816900096
39.6335995486421
35.3631309458706
39.9731261267509
39.0994441561857
37.2771909821952
39.1029913232477
36.1038481809631
35.3615180295834
40.7180923454903
37.5860458922349
38.0895368202885
33.8588042179302
40.3341792968561
40.9135855785446
41.0083842781493
39.8854187709651
36.5639942625803
41.0606617209586
41.5493823021864
32.671514035362
38.3313441406671
41.1164165563832
38.3857493085804
37.9660699662824
41.3015593268725
38.4301930290954
39.6504457123334
36.7466826269643
37.2829028650978
41.9028628628186
38.6696067507575
39.0686829167543
39.6014083119077
32.5521004517561
39.1478005865115
37.1931332145142
38.8755097176359
42.0801562126908
37.3924574187104
38.0751887592884
39.1995653644351
38.3474645767456
39.8224178853136
38.4194209703336
39.6598386598775
41.598001292265
41.3667242485606
38.2183380440593
41.6411651944274
39.7259391458042
39.0797292220188
38.3732395155881
36.8335317972134
39.7979594628874
36.4969960031855
36.1597983848322
39.8562972172606
39.6385878480647
37.2115236833139
39.6222026229691
33.070587120054
29.2007621148968
35.0872733234889
40.3890579467008
38.919119749299
35.726094751134
36.7187012010207
38.0628760378358
40.172367790359
38.6519282811857
40.7618433167256
34.4900103211359
35.0577977517554
38.4624591140233
37.1680768554842
38.2751037631247
38.0046230634253
38.5474079479965
38.9475794854501
39.0695317560942
36.2005557352447
37.7448339993312
34.7664229850319
38.6964623282629
37.3883951496359
39.7141006166702
42.0440003073754
39.5123413605345
39.6660463243589
38.822506256146
36.914923851299
36.2198124713145
36.770807374549
38.3921590783163
40.3829265621113
38.4081224514394
39.7373559489699
37.6568959006219
40.7709030973114
39.774397678976
38.9136081654437
40.0856916171453
40.3688174410403
37.7434507271958
35.8311212260739
41.9696486691954
40.6507123376352
41.2937681509638
36.3974722182404
37.849004625116
40.0586687653638
34.8037436712168
39.2100739257351
39.0454396548711
32.3249419252082
42.2800950593218
38.6768876935114
39.9335030296119
37.6756733331803
40.5446104203585
30.4862730604651
39.8623675065377
38.9794605928867
31.67316937881
37.6568959006219
40.6644349136312
36.8306534474638
37.7000962119001
36.5150082101023
39.7746203805572
39.1608948429988
34.5866152638131
38.8341358485423
44.3768634387309
39.7561648677287
40.3879156578926
41.4584056653025
40.7968523325372
36.9703057111757
41.4111612388988
38.7128523111003
37.352748134795
37.3414949552098
40.9194528506723
32.0131726547714
38.1250628556014
39.6016940533324
37.4935308558341
40.8183009644967
37.6622691006651
38.7582080642529
38.5149229951315
40.5077026372027
39.345239295554
38.9068847159317
39.0841510267855
35.176178047128
39.4972670088978
37.7716047310181
34.1780341281806
39.7231224417181
35.9546983606359
35.1703016995822
36.8330155093535
38.6372987453028
40.36050865359
37.8984885590771
31.5633488658536
34.724496588652
38.6726882093894
35.163587930047
39.0005525284215
34.4862661043869
36.3879906009567
39.027273642106
34.1485598846845
40.1180777079701
36.70043175132
36.7951474946293
37.2550247457963
38.3868140741083
41.7967404862936
33.9397775377085
42.374015945915
37.0443381002248
38.9668419740958
37.3475281985546
38.6820339827581
38.5034358660787
38.6039876997333
37.2905390182707
35.7939965842648
36.020733784559
37.0574570428566
38.6237400174723
35.3134008973242
32.6697221899641
36.5179994756075
37.9134432591962
38.4249456595227
38.7127336498593
31.8603979761928
35.0070993172819
40.298641194862
33.878614784052
33.3823292266078
28.6810183155569
38.7955292132015
31.7106780826612
40.168783711691
36.1840859584968
38.1162135365485
39.5578080454847
37.1785680460002
34.7695029441308
38.6671068319969
34.8670067833692
37.9559797400915
40.7858841747795
30.3344306860484
35.8217487098757
36.2684611823421
38.2061081538666
39.5981720225646
37.9594387494669
35.9270136239191
36.1210910923428
38.3270656529654
31.2922175178415
38.7313267811989
36.6603460702394
34.5170702526124
43.7416823121757
41.965886148431
37.0510070972318
38.3550262881878
29.8712840197299
35.1780204803203
37.6142787494996
36.4382665700428
39.8087109215386
36.4638382224885
39.6873414369162
36.6154694803601
37.6553017197552
38.2770771552386
40.4299656490525
38.5729361872095
41.2570029187129
37.9183814026117
33.6000848373135
27.6843969930876
41.1887928574125
40.0406796243816
33.4421110801903
37.693942127017
37.1552206517014
33.0202668022182
27.0874493326701
35.6086940885814
39.8290179155913
36.9037350961783
37.3723421521964
39.1168236579973
31.0789324149602
36.6669816602602
38.863102368061
37.8696112568154
38.0851546554509
38.3019926301843
34.3559072188388
36.6135631053373
37.9530268306
39.0505703259599
32.7470128219835
41.0103951226521
24.8599491167308
36.6079562228418
36.8739128519702
33.4975066844704
34.0138297547289
43.0735853761316
37.1862023996951
38.9215542047418
38.3924624958674
40.7470016690714
33.7647760344409
39.1634459669222
35.4531424966258
35.0349585520575
37.7486764900875
36.1122935026312
38.8732866529174
33.256288260776
35.0934010931857
39.0947413795013
39.6685215070078
37.4513229131946
41.965886148431
36.9130873452072
39.267537132348
39.1475967283437
33.7719828907363
37.9858795249905
38.336330205567
37.5838480479225
38.7913007269766
26.2365815348731
40.0711077621688
39.9181164789097
34.9443492557544
36.1316735137269
40.3265052090654
34.6156717550704
37.7139335793234
38.0732388698418
39.9517174712502
37.8813331463764
29.5207030065518
38.2178782179147
37.2404478000719
38.7717266053397
37.8006737754643
39.4521047942557
37.1842375295619
37.4678000232722
39.2334973306241
39.1006808296745
37.1384583897028
37.9563974278005
37.8258004623556
39.4334180765309
38.0431721174919
41.9491498302791
38.7657634518996
39.7118632164808
35.3367548182451
40.9520492400693
34.3062963866504
35.5479559062759
35.3213060609846
35.7777472681409
41.3348676705547
38.9083876383822
39.6401747744035
31.8814843051655
31.5633488658536
35.1553886665895
41.6345718209107
35.0307967487726
35.7231069518883
34.538848399762
39.4431849981908
34.1136100423767
37.1169781545912
30.0964471798076
34.2245967501734
39.7002813241002
41.0525743720775
36.1480319265286
36.7614995289745
36.4673307032661
38.7588421357924
37.8308788325153
36.2596711777959
24.9795847370068
39.2118560438721
40.9460468290124
39.1922804013914
31.5231099988386
38.9770014394241
34.6604151096829
35.9116951960318
38.8541382279602
32.9148250259662
40.1476084821609
30.9408296381457
38.6094365931476
23.7555514023572
24.5786632436542
39.0805166743928
35.4333033552895
40.4063024653454
37.0738398681935
36.3879157656876
40.1221678909223
39.373312175387
37.4645921353995
38.9674876813177
36.9588398581631
36.9445274264894
39.5649281347251
34.256608063101
31.3342411573213
31.5571309216554
32.3065798057734
36.6692650114459
40.8617385470211
36.200038824775
33.5274422308726
34.1236375471431
37.0368001851606
36.8434894813613
36.3827499717408
32.8285994335482
37.575917266887
33.6185730134372
36.9987533558067
33.3307537396376
36.9279487414835
35.8313807063317
36.4517198467565
36.1710624783636
34.5155924473478
34.723436600617
37.39121085985
32.1767467525752
38.7708630821669
36.786223360991
35.6688568183545
33.6961766142525
36.6727269477298
33.5753688892605
34.5847009370882
37.81822979572
34.558266536331
40.9786735716555
34.7033112478126
34.8210542656763
36.2040472220854
36.6818190604571
41.6548040758921
35.9166610002325
36.138205371881
38.8768315094369
45.430360192067
35.5150142453476
33.6942564703634
34.273116798481
34.8380875911614
37.7543564409084
39.8018502233283
35.3598221585124
35.1104754622698
35.599768847092
39.7127704098433
34.9531983374027
32.3745202947412
37.0222189138398
35.9533986028367
31.5083761462405
35.9254339976743
38.3549669392991
37.8602374779792
32.2450012924191
37.5989335563042
33.4268282362797
34.8248144672431
38.0326730239459
38.4602647518686
37.3107538512175
37.4384117679176
38.2480760691898
35.6376864984652
33.9248191023699
37.9372909247935
36.1223075953855
36.7427688156224
34.9231255560305
38.1488648655518
43.5712486960852
37.5383932668678
40.6203589709082
35.7466542093501
36.8460034093271
35.7514603953115
35.7618499527042
39.0189717625723
35.9264840347121
33.2445049545157
37.3164630722454
35.0683967678826
33.4365754415659
37.3263632502525
41.6116389013037
36.9621038929379
36.3667150049993
34.3198896840279
36.7597390644731
34.3675199101938
35.466780391915
36.7038975239715
37.1118424017127
37.8312944359108
42.8465526085445
30.7848741468498
43.1208772836254
38.6330194846468
29.639417722379
34.5052265307518
36.5974605777234
30.9074441180712
34.9904923590753
36.3862602491265
34.4158234305869
43.0302154803001
38.11714447714
34.8861517970324
37.8333414269902
35.5758426093633
30.2808593235878
37.0087951644307
43.9207625071314
34.8357689230521
30.3570679646239
36.9940150282673
36.5709585331439
39.7940197552298
41.8173054033467
37.2755569286268
39.9349243025122
40.8280951634194
35.8173942568477
35.870396348307
36.3797093920842
37.6687229231662
38.5113053409952
38.8249652274777
31.9224396970221
36.4259007237161
38.4313470931196
35.6161920376796
32.7986290396877
34.018067316413
39.62621598631
36.4954691238088
40.7566381840918
35.8936901998012
32.689443189095
41.9839762439969
35.9647428564871
34.2254520845975
33.2076711574384
38.3897190171685
40.8472942099765
35.7393121608174
35.2834272269029
33.8284769678488
34.9171620535184
36.0750968125428
38.0993252140769
37.2141775031527
34.6631121922863
37.0547183585046
37.2738480794458
34.6877728855533
36.0006477568473
29.1025897064066
38.6893200704778
34.0516960521989
35.5301868210086
37.0251854107452
32.7771633584406
33.0525301420602
36.5310206283394
42.0639107432611
33.9537628182076
43.7338164945755
40.3917595701334
37.8888625428385
36.0277085873191
36.1997787781191
34.886335216654
36.3118504417023
34.8488608740176
35.6408863486686
36.1345502743017
36.1022890357632
30.2085663180458
43.4832045584737
38.9859571526564
40.3669668027953
32.3379544725605
22.1564760800434
38.2412646587581
37.5847266628145
36.1062347142103
35.6050787952137
36.5723310868627
35.7418959657526
37.4594641638757
37.5600825982074
36.8962420628121
36.8697991350297
37.5509471896318
40.8226425289399
37.8901444815984
32.6910524743134
37.8015394764575
39.3265179296323
37.9635007717872
36.5000126478842
33.2977047145941
36.8772806296029
40.3319814702286
30.1698250272153
38.3464009646707
30.1619566083335
37.230557054279
29.7630741728004
39.2245915812395
37.9026101619543
38.6364591352558
30.1698250272153
37.23930752515
36.3548168267223
34.7163148736355
34.7656926635228
36.82204558596
31.2510133627375
39.5786222792362
38.0832100131671
39.6490014376078
42.0826826095702
35.0084843149386
38.669344078986
36.9411131371454
35.6874267411975
37.4426927350808
35.9310966733813
38.7365211249154
37.3260415612709
36.3175006586271
37.2891255735676
37.4446874121009
38.6155626652357
38.561634296899
38.1838847062951
31.7492288219463
35.3412323038134
36.9171239678324
35.9841349620585
38.6349805779595
37.5531492321152
36.653952151581
38.1235902541308
38.637869376782
37.9245988535169
39.6882219471398
37.4355744871957
38.5416547950941
37.1891841614757
33.231335820304
40.0918922814835
38.8269721297015
37.0258651287755
39.7510695616367
38.5781291064096
38.7701099098109
38.1275298830533
39.4942996931026
38.1287407865606
37.1054022227045
34.1157870923579
37.2903429880262
38.3407059493329
36.6983390514903
32.6280960274402
36.4591766098893
37.4495934369301
35.954011746132
39.1746313916567
40.5203471421062
37.552816803338
34.5831342447198
38.8908446395173
38.9819174478952
39.3086895723488
39.5447864472357
37.6063632553214
33.6359815910858
35.0421548033468
34.0909028823925
35.5171908900911
37.4959566202971
38.8917740973625
39.026760572694
38.5026980115135
37.5601967462686
34.860780479358
39.6309047189207
35.1169344786001
31.8217804915431
37.4499719795
37.4878797628624
34.9754250694833
35.3287313135082
35.7635229668564
36.5077601034672
36.6248812518545
36.1500574558112
36.8694257800271
36.295345823715
33.5734277680211
38.7386838978643
35.7842432365698
37.4792772232453
37.8422209981315
36.1905323238468
38.394789363409
35.5632165281561
34.6931612540851
36.0787494213777
38.5328610798408
34.5493381074556
38.0991158252115
36.489348579842
38.4538023177344
34.8022423210913
36.5039101089168
38.746152767808
35.861410831674
32.291984268296
36.1278974165643
38.5090403171971
40.2240080627456
38.272221959736
37.8142986371917
34.0820889748791
36.0732431309617
33.8516005985975
38.3018243274241
38.2320432481574
36.2159525519481
37.7613620894071
35.0998751985722
39.3909668015431
38.2263235761912
36.0263703355652
33.4968715908047
38.5051382968926
28.6065315927673
37.4391545235981
35.6590825001833
37.3674177409369
37.0232739930873
38.691030352364
34.5498091919713
37.3334033071679
34.6571535862217
34.8831199816334
37.2057025793175
39.807287116642
39.3400058451013
39.9491666599899
35.4224331047987
35.6541007583712
40.0636347777209
31.4544070303497
38.882147918545
35.4889652222249
36.6279844811386
35.5478923717825
34.3690978862242
36.9025029282683
32.0236382828954
36.4226894402492
39.7783341752919
34.5400676684892
34.942983906317
39.7383047703612
39.0155301886345
34.1602943884454
35.4836198700388
38.7012321144833
35.7482106864748
35.8907442671534
37.2790492563106
38.0071427562287
30.430862781594
37.0848644906097
38.9085519781722
29.1068358427799
33.9165200058217
34.3326914086882
36.2008389027206
38.1406759748027
37.0741921699213
36.2486508521863
38.9736226042353
36.3996490894583
37.6553167319273
38.3544440744625
38.0498993144936
37.1039129885559
38.4048229702522
35.3969005654084
34.1475156633147
39.9280676739369
33.3342882485402
39.1528619915544
38.2150300269439
36.6468006117987
32.4742421604972
33.977765861571
38.7648775953448
33.5839021935288
32.3878774048303
37.7558597458426
37.334689461657
33.0569873279696
37.6245845339776
37.054577719996
36.8239580472449
37.7699777953216
36.4426794461667
37.8736867058562
36.040888002588
40.366525513559
37.1849442866932
38.0312010263452
38.3864526519479
30.7613291753363
36.9553558471155
36.6219134162792
38.2052422819785
34.4165741216301
38.0944555915431
32.6089840502264
34.1236604709789
37.6094679823376
35.6405378888541
38.5072026359547
37.7255382868257
36.4085509735263
34.7127242889594
32.460316124529
34.3616260554236
32.3056517898428
37.7367727423103
34.0681197467451
37.1391784890193
37.1445579302106
32.2185655585086
37.1527841184197
37.8634574103333
37.9883991363925
36.5946409648732
40.079336284703
35.3383716702347
33.3064710915435
38.3497209689626
40.2060259310085
40.2347204546581
40.0165408210831
40.6642493807415
42.6372955100716
38.8615294716754
40.8575903865468
41.9139212868031
41.3298713804383
39.0813734390795
41.7229971084775
41.4352658835607
39.9514391313164
40.5233161311629
39.4353403960283
44.5399255825476
40.3839371169337
40.5352789058455
42.8657883372303
39.4149518769636
39.612387187027
39.8405941285576
41.3946297267359
39.6261526806982
41.6954626816263
41.622106960611
41.2679560842265
40.7624535974744
40.8226344830911
40.9098940679641
37.8523506807161
39.1489290840322
39.933754798361
40.6388454785783
39.0252918464818
39.815856297507
41.9329803466321
40.0970620101885
41.9978123213251
41.0704077444851
41.4045649107321
41.0591509806631
37.5585547863525
39.0128233100044
38.3751659721051
39.2711379266815
39.8056189167231
40.2690747673934
39.4946354451169
38.4312329463298
39.0872608063725
40.0866500679831
40.3024611713696
40.449822132598
40.6916633493673
39.9384016900931
39.6997142534901
40.4017889750231
40.3963878589
42.452239198168
39.8545067749605
39.3135345189027
41.456020669724
39.8681580226654
42.6516773553569
39.8406656218401
40.4658338390042
40.340688800929
40.1904418064601
38.5976872983295
40.1754505245055
41.3543952458459
41.0024692388755
40.1922646486271
41.5079861029704
40.415195461325
40.234104003374
42.0341392166867
41.2822538014775
39.063293220379
41.8760789483833
41.5589145848064
38.6705712088492
41.8482540240549
40.4627800213324
39.437079493123
37.3189830372385
41.2958812588737
38.4596604291087
39.681449225209
41.3682391270237
41.3274270975274
41.9902254678296
41.3401057096134
40.4188004708119
42.6140404587346
40.9563142647937
38.7683242356329
39.2000181771267
38.9663926876738
40.1843412136793
39.8922921117356
41.9065313053328
39.9067269566987
37.7125705487468
39.3335457665372
40.9778671740599
41.6551156374981
40.1360113537151
37.2446373842863
32.2710426523778
34.9773052712015
38.6412150254699
40.6360049718298
40.4000681992456
41.4690683288201
41.1895377857607
38.4551959051527
41.4843809888559
40.8537262565703
41.0813110679984
36.3055297224937
40.6216798831821
40.0409928460596
41.405543329199
40.9232037808733
36.2144130940558
41.4977731517982
40.272346725994
39.7078016794151
36.9852708164108
40.1650036021233
38.153294100445
40.5176154993402
37.6397607150125
41.1389389548671
40.9721514063281
39.6046921433076
40.7198084330099
39.3843414591756
39.8266085398013
41.7347669592063
41.7673525611517
29.7262110327537
38.956804604411
39.2210200231335
35.2464321551205
41.3186396304658
41.7341002842756
38.5560131598906
42.2953001309413
40.2049507069689
38.7011814782664
39.4222888763689
40.6523032412008
39.4823791075086
40.680194974674
39.111908363939
40.2062886152853
41.1081475439933
38.3489294631203
43.5914107452997
41.3352779050895
39.4579348336852
39.728258262501
38.1692594451016
42.3074821735648
40.5224168932452
41.8500798671336
40.1241938370963
38.6246165753198
41.2860388384803
37.492753690684
37.5676906590989
37.3036993218402
41.2196547524064
37.7808379060331
40.5704729597439
38.112050309773
40.4580877674271
40.7115518180015
39.936171750745
40.4491359714457
40.3262165501336
41.3819685091646
40.6894070266916
38.3885258035079
39.6418646294682
43.0712254287321
38.8420997924661
40.4556695427104
42.3251835875956
41.1363010493578
38.9747899322587
40.0098637124907
41.0819125694568
38.3539756462992
33.127287771709
33.8067363248622
35.4010442835704
35.6069763965532
33.5451447713954
36.0507526518648
30.9651097535939
36.6115989480999
36.0874378169412
34.8885616546175
36.6064216701291
33.7998632287328
31.0367815326229
36.5503535999801
26.1972851765311
30.956244855862
36.7652854057672
36.301631682842
37.9066270493258
36.6859599866803
33.3475375484115
36.9051180809202
34.9723619404724
40.457345534102
33.8672392241798
37.0763724668432
33.2639336194856
35.2072703896634
33.5609506791954
36.6370819699623
37.7317356687061
37.5469922806069
38.9401323005926
33.2542503470579
37.2478292702802
32.543847208698
38.6393121086199
28.0167473265703
34.9015143181113
34.2800317575014
35.9758066967925
35.6414809261362
39.1076452852049
32.9845810593875
36.3699084589616
30.042216852756
30.6000525003549
33.7598044519916
33.2541304140841
37.6135085841589
35.7584076079851
38.508266999813
33.3858798734616
33.5561191259897
34.8791136097848
27.5882995894579
38.1208536607721
34.8398759712527
32.9821418277608
32.454207646253
36.7661746048999
38.1702280093362
36.8381237369933
39.3114849934089
35.8573548850908
34.4182185723394
33.3800172949142
41.654993418786
35.0404284353861
33.3072647439881
38.8441330017058
41.3786836825858
32.4484933778091
37.6090969783466
34.7653274391951
36.4069047742862
35.598250567536
34.319804121123
33.8883352550578
38.2187158284642
38.4280132521818
35.9477071249975
34.714549200838
36.363246568501
35.0533551579723
34.2995772360194
34.4560697358589
31.503554900606
37.7922079832994
36.1180489226887
33.035534911119
33.601684843801
32.8411526384857
36.5275318467155
30.2184971234674
31.4176469667203
33.3345222644784
34.5254162604702
34.0780535513665
32.7746417429932
34.854526312073
34.4000092473484
38.6574121261774
38.9611979939681
29.9744749623136
27.5882607866703
39.4264798715105
33.107327774692
35.6529924396454
35.9955975430552
36.4121336049216
34.6211598127997
33.336390072666
32.3464696246595
35.0589495669202
37.4551977191367
36.6794263220986
40.3476004213195
29.5050886472954
25.6734546696894
41.7467400846144
34.6530757144065
33.1252019599655
40.2145727382171
34.453308300034
32.4703608323126
36.0558579095846
34.5767823104545
39.28368633338
34.6142230076614
42.4293253072079
34.4621452157851
36.4772934549399
33.2000153339185
35.8482597390836
29.6247826870922
36.2644312632707
37.6041762263291
34.2324167119661
36.315392926351
24.3003502277553
31.5928018915393
32.9580917942438
40.9138100274562
32.1696026360464
32.5010657610491
33.1900368509831
26.6851962402274
35.493719460442
37.1380295375937
34.5249728079987
33.8765544151336
40.8854904922236
31.6029517834425
34.4016871528083
34.3537005188216
33.9825325096149
36.4664866778031
32.0924400706867
28.5021509412407
25.9555430534494
31.6302537339638
30.7336657031817
35.1723551617432
38.9167412992114
36.5126652695254
34.8040176329439
32.2851562326387
33.5792869875066
33.1677578445913
37.6121620722565
37.1209443620541
28.8865125895642
32.7363775536933
38.8950031462673
36.8145103302899
25.781787310733
38.0647436320489
33.0787794245735
32.2990063015711
25.3734030983013
34.6621273708361
34.0732495615125
30.5286074245577
30.2374329668207
34.8066173226585
38.9915719881943
34.7828322644131
39.2268256951418
35.9630659771805
33.0077392509587
31.8235010823377
31.3887055548132
34.5087220092555
39.4910900317059
39.0830557760165
32.7914884162584
26.9320491305752
28.8943531073236
34.0567341406381
33.3220847200611
35.7053214089378
31.8318761255803
37.9751976663287
30.1994401054553
34.3330294758788
38.6679086589175
31.6870572370857
33.2310638368711
34.9920379952909
33.4985052067738
33.8704375010925
30.783704667203
33.2499463759053
31.5597220973276
36.3714772860137
34.1553180386745
33.571829960532
33.7632820473837
33.9068893440815
37.4017741180681
29.5412804894442
38.5807996715307
36.6826227360904
36.5839485300566
33.4752412402257
33.7865500300365
29.1759508944569
39.2670702053902
30.5046817466685
36.0949266551647
33.5278106233973
32.48419385498
33.4259501106691
39.8063070543366
38.9799659226216
41.0970948924733
33.185966168353
38.184521582345
33.6669770598491
31.2662729020695
38.0854548561714
39.8800019510519
33.7524954906585
32.5538099514927
34.8888395433206
34.2179155471186
32.5686800932406
25.6856897545368
28.4577967330776
27.4802496399968
27.3500516027967
28.4960600794752
25.0216242183089
27.7670415812587
28.0483659642134
27.5371459816056
26.7543339356225
28.0801298426335
26.7651963650206
30.262112793058
28.7525945821217
28.003965801332
28.7855434771022
34.5490588644872
27.466997293025
32.0752221106414
27.8686445844754
28.9392684816734
25.7926979698818
28.2562669249824
26.817097575693
26.0842076605331
29.6382538513182
29.0746199456238
27.6494636220786
29.8722485505821
33.9659664469476
28.6517120092571
27.9011025038357
26.5375311330614
28.581044659462
29.1305300848171
27.4607739754998
28.2571989544997
26.9837087454021
26.8006552634325
26.5938000745836
27.5118157435853
27.8354224614548
28.6422465017972
30.3025039333659
26.8240600913206
27.4419727419758
31.0692619676568
27.7876610253555
24.3345614873513
32.4003092521107
29.0304767232246
24.1739161348736
30.2259029142757
27.2665738186701
26.9810920441919
27.5391964672796
27.2295047056862
27.9689392174353
33.2886831917244
26.8449170441975
28.8643021291554
24.0733890604212
29.7204734715252
26.7898363564717
28.6156500451784
26.9184931738588
28.5982482858477
29.0247902579412
27.5975076586419
26.1089943620389
27.2084925828276
27.7680536351087
27.2712126034021
25.587626180138
27.0098669248923
30.4371193012373
34.956074973176
28.7453383948325
28.892315654878
28.401707496675
37.1288431661433
24.5433938462992
32.147218075343
27.1718625271642
30.0850822998492
28.8137332866888
28.1017636106916
25.3929233696419
28.8838069880736
32.7200878826803
28.1386592233377
28.167420230347
25.30073052057
38.8372765261965
26.5492925835601
28.0298513427457
27.484491832826
27.0188900365032
29.1691045771565
27.9724576135057
29.3200074480617
28.0784455896411
26.370776554426
38.1499325540424
27.5896391124298
35.8287490447058
28.4712608683485
28.2216827879806
27.9497959658753
33.2756194766812
27.089787517943
29.0571194055946
26.2468690479016
32.378927057385
27.971832302107
27.5276089609179
32.6446515154587
26.0236001710256
26.2799983972929
28.7361779049203
25.2024031706198
28.6680928567102
25.9168893265166
28.3444663644573
27.3528920973316
29.1579580863395
29.3098609707126
29.0164163820481
27.3195930799937
28.9660868386396
24.9885476940015
24.6272360196719
25.3404829531779
26.5723321262548
27.7699208011401
26.1760798668566
24.6901653700386
26.6867988559243
27.1701671854897
27.1775077809604
26.4188465561026
27.5629361546944
29.6662501142397
27.6815961417019
27.495857459976
26.8496647043268
28.8677807113092
29.2327713737772
30.3940349189786
26.5857727659003
27.174736696303
23.0946726410747
38.1484543313583
30.1158321142138
27.5758712098883
28.2259876215539
27.5580933075796
28.6609543906784
26.8045823990479
35.5737092189483
32.4910687521782
24.5437497239587
28.1080954804086
30.4318562759092
25.5470811976087
26.5845537540875
26.0235694087517
24.697327639516
30.3855421284524
24.1071907221717
31.9304253445734
29.2597281750369
26.4370076724831
29.1675081750795
35.1332740317127
28.383081287727
27.031751642028
26.4878653069276
23.5194497471469
27.3295509347764
24.7323624955119
28.4953349369947
27.2792194539002
28.4614188176626
29.1881798775754
32.4643274426877
30.1079210549538
24.9484584134769
28.7165916431474
25.7781875586875
28.5960352435165
28.6131923356445
26.240877126651
29.0857543547591
25.4153673378903
27.0840584048826
28.2237469835482
24.0173843872125
24.6030124409417
27.4641876827169
26.0926410764337
30.1302416994057
28.443974970013
24.4188266462351
29.7914317674606
28.9346800517989
27.6009634103202
28.4402349819886
27.1375138532793
24.7268935989331
26.3123385659972
26.7081830886451
40.352924013292
40.8062530030417
38.7187116925635
39.9171883808888
37.763724426441
42.0798847021166
33.7237780274116
40.1352325071662
37.4321158978262
37.7071683038194
46.1679631956397
35.7664308252402
37.5191949899841
36.3439794344298
40.0863166184499
38.4500415465264
34.6941191277977
38.9163063814824
40.6915209535042
42.2013023274793
36.4605138995214
38.0734813558535
39.8140059335942
39.9197829784015
37.2094288852297
40.8341738911178
40.167460747842
37.0221844781633
40.7583220522842
36.9655035085656
39.6760565292494
38.0761284664103
36.4488064958828
42.1668162594065
38.3519690766135
41.8960383598862
37.8495537876045
38.929599360328
40.132549969916
37.6119252694913
38.532578507066
39.4585484462375
39.231402136284
37.4135251082312
39.3331528264723
38.2464516814424
38.3068076637677
38.750166030199
38.9838080667121
40.6046315839735
37.3718810412156
39.7464123323406
34.7964341858077
41.0702393366649
40.6499955950931
37.8890106865499
38.6194699586403
32.2568793690516
40.2317988739326
38.6880328354826
36.9196013961874
37.7539711792097
40.4932652792855
43.1544951945256
39.8296806445527
40.5545636475321
37.9188458426305
43.320827195396
40.7155664727538
40.2126882140925
40.6549301049153
30.7554192194167
41.0709368288627
36.8550290161177
38.7015288394646
35.2806074719095
29.039134400418
38.8968161178572
35.7230594965007
40.7968290924763
42.1524015890095
38.6328304347586
40.4407377881043
43.9368899844389
36.2329564698576
33.129260997934
41.6814743973919
41.0317127811116
39.0712527522125
39.19623169431
39.7469460015855
36.9305397975129
35.3643926237774
40.0620471997149
38.0174119191403
38.6154425727875
37.0850705171825
36.8909544066758
37.0484213682379
34.6543757936413
39.984744336691
39.4570672033128
39.6725594860582
40.4614310172429
41.4438985745114
37.697004543338
38.5322498520357
40.5218848335745
36.9299831363502
38.1274327569802
38.3606368324399
36.9737215332241
41.797845697352
39.538519323695
37.0589983170557
41.5856649310203
39.7388100759216
39.2323844730278
42.9784191116472
35.6900634159109
35.6096001191739
37.6405207361373
38.8040320662199
34.8547567157007
38.434932469132
29.8047537708952
34.0870812384459
37.5736067366363
40.3750460572551
37.3759065214218
32.7310004208591
38.6499262056739
38.9009246171233
38.090891735622
38.1307058454387
40.8653651352732
41.0019802063931
38.0567569467786
39.2728811650647
36.8062320447965
39.7727451414125
37.0163683916617
42.3998087343227
39.0023878769246
37.6691253438544
40.2080967007358
39.1011662764185
37.6106198677109
39.6148423111969
40.7254973469099
33.8134667746669
36.8850435733521
38.5532065954909
41.7819510813775
38.2063582896515
36.4927881047702
39.0994619330018
37.3776991608993
39.0555244487027
36.9703428450684
39.173857006251
37.6904855742657
36.2792527392759
36.8620229232412
39.6394598657097
34.3785295019606
37.0258609252698
41.4252477523535
38.0570077114763
40.9361433842726
39.9269877965395
38.5046070411418
37.4010363123716
37.5480477005636
32.5737309042477
38.9675590211672
31.8556022825127
40.6752596129078
40.3915775340946
38.6903483366253
36.7490264789362
37.5539500570989
37.9166250228943
36.9883995251634
39.2297745589485
32.1862147679574
37.9960449846513
39.3084439399067
38.2151599737564
34.7618402878662
31.0266017344648
38.6672061875157
31.3519086359914
29.1988600883053
28.036749664842
26.1375304751354
29.5744758057144
38.8408167167646
31.2971053608953
30.4966146040306
29.2733840562344
29.1840963273664
37.4838077331288
39.5118405805743
34.1292451171982
30.8798290580451
29.3936902667396
29.3685416827302
35.4465245654133
38.4761437850196
42.1781943664148
34.6636787960169
31.6143704747118
29.0816274606806
32.0952143156042
28.7921805306092
30.813221424728
30.4300370437711
26.7642914434973
29.6387565528029
40.3553564398101
29.4654293591725
37.077998769001
32.48503401759
28.8801377408289
32.0332807620215
35.4055201933931
33.7321253705044
30.0447698963136
32.4606724317634
30.1071552981912
30.3593763038446
32.6479991209967
28.3486346226682
41.2759042670683
33.7845703721137
39.535853093998
29.6891093124246
30.2347424605833
39.3919571579798
29.36319061391
30.337631994835
28.8882338352816
30.0633982608764
29.3355106966699
30.7786030644023
30.3174291336605
28.5545571721266
28.4772576065724
29.5882888557964
31.9141589526113
30.4527053844184
28.7655681973489
28.4862011716863
41.2781878809902
31.8037593340319
30.8498574952266
29.4117625392847
29.1610792251492
28.6227781969795
28.9828396195296
31.1808704536148
28.1318856909674
39.3144170804522
28.5840836148205
28.7637948496871
31.902807967951
37.0212630115461
27.8801214360305
31.7975589738423
29.3326056276087
28.8210370379226
30.2836360636769
39.2560051214804
29.3088452491672
29.6468842798741
29.8433396490287
31.3122556762459
30.2063696646445
30.6862013129509
28.8110212746105
34.9874828708045
28.5674319823269
30.4935819613043
29.2507092249435
29.9757990618479
28.5375497335383
27.9106648840815
31.5859173990708
32.7405958226318
29.5170960475033
36.778124975646
29.9538034429766
33.5006134958277
31.0509986961393
31.2536048626513
29.1505721134857
30.0060923578824
33.563570102543
32.5491725037643
28.93171047162
33.8927337299006
29.404262840551
36.5501115780277
28.8487229747193
36.7578275603165
30.3382789472534
28.3653419498338
29.950274428609
30.7602627540015
28.2874579076619
29.8909176355077
28.998195359749
30.3024776042991
30.1977387186766
35.1822727056631
31.2668831837853
34.5899242997368
31.0249833483366
30.0731480129765
31.5767559950798
40.3305119118154
29.4044523972065
29.2398530110908
29.5961494525015
32.811142616956
36.4405746109243
39.8354836722044
27.5606140028224
27.9681442475163
28.1747044083614
30.9457241666246
28.8927183152375
40.174467235695
40.7459721121863
38.1947873916315
29.3923493422325
33.6640994379971
28.0934161579629
29.9219863815922
30.2061622046694
35.8790598877247
28.7660469469059
29.9583203360128
32.9393890859919
31.8626566973664
30.9392146847102
28.7594328622423
29.2265180004048
29.2040611962527
30.975310798411
32.1999479573804
29.7116450465118
30.4169831164808
39.868656351967
29.1976126974639
28.3446988941544
29.9621294992625
30.0136240452645
31.5010880493713
29.4797322798744
29.8840297081916
40.9033511835959
29.0676684328297
29.6690261715764
31.4338279083503
38.7079250788228
30.4437955741823
30.7852524932412
28.5806302824487
29.0134333871255
30.4528102360405
29.643802399724
35.2531351557701
28.6956618855374
29.691438672706
28.9704340466687
31.0713018731429
32.228895186335
31.1862066118545
29.7487607826546
31.7819184665132
39.0409591668189
39.9681152977818
30.7678150892878
29.5812695604828
37.7876534287388
27.9104603779359
30.3969120847162
36.101641966231
31.1263348067308
40.3123176199321
30.2293763262656
32.2470529663503
37.119914136468
31.510921490853
29.8401977360784
28.5631451700345
31.5380792119338
30.4616510690793
37.9449013567332
38.0879744104328
26.6705055975919
28.6881920476779
31.2531998727823
38.2986026344919
17.0665919880699
18.4814132312494
15.232200919997
16.4576534760549
16.3347874928699
10.859847817649
16.6841555621952
6.73824970746604
17.5939477790993
17.3770710543158
6.11595159853259
5.86370171072443
15.6521663015148
5.75110684202378
17.8456405759369
14.5916137522147
18.8266644297522
18.3846132093812
16.2344166904804
16.2276793302363
16.7047459462782
17.1155171382827
7.64043923660575
7.51593113403598
10.3549416835166
17.7360997315015
15.8725782931068
17.9110597583022
17.8342281394911
16.124268493803
17.8323833721244
15.7636529457111
10.3080913367654
18.0918054109663
16.6842034485381
18.3787315278963
9.73735203240616
17.31635828467
15.5236883027094
17.0807900603832
18.2845073342292
15.7473125372656
14.7926131527413
14.1546727705625
15.168973073581
18.9454770505101
18.1389093162887
17.5235991599112
15.4974652845081
16.3479499268207
8.38594847932555
17.9057366178304
18.8301734038027
16.5274900223017
7.25464994340226
12.3490031238609
16.3182094667052
12.0841624844239
18.7277083018891
11.5834162398848
12.8167991755458
14.9530144447897
17.5698091799295
14.8362370037317
8.1290222921458
5.9350219598172
17.7842076334681
12.5679939160499
19.5608559736796
16.669786342215
18.1941674639944
16.3892464679869
16.9689378931866
16.9488941260863
15.6809499135711
6.30305433155782
17.7116624004799
18.0542279632646
17.2206443373288
15.496863368744
17.3628118513164
10.9084056473338
17.7244423717942
17.1185747665114
17.0580352523862
18.4347577445773
16.8004152751057
16.4473118121529
18.6591772759022
17.3319674202057
19.2325627383253
17.4138833994699
18.8473603436811
16.5143146817178
16.5514798851883
13.331509301943
17.5797976641452
13.1599482327146
17.260098502927
16.7091996829776
9.96286598997765
18.0164446313262
18.1446910283374
7.50193434987171
16.9994434008253
17.0654879421612
18.4896053328898
9.40457384947664
17.6522349135666
16.2870545039737
16.2111986504221
14.8097596135346
13.6732888677874
14.4329879531064
16.0157627818984
12.9508959736637
17.7478542710314
17.9796395053971
5.58492366858139
16.0264758078036
7.16543257850675
16.8296886075037
17.7327702068253
18.8577635093608
4.84087799496738
15.0872460993482
4.758056544692
8.25311429191321
17.0358444386495
18.4448797861527
17.3615322744449
7.24916377184749
6.23948514593637
17.7054793811434
19.1031044145189
16.9474482818076
17.0035487790558
12.1173068741459
16.6719200578826
15.3754534668771
13.140035149778
6.02632950213585
16.6740502203242
8.00993259266686
14.6318053206179
18.9298470568035
17.8263680407928
17.5611220849088
15.4760680920995
15.5631040794818
18.4979170511783
16.1347680225671
6.87692152184743
19.2721302465057
15.8772315403138
16.3236277759535
17.2679366299301
16.7923503722773
15.2455587541193
17.2797365199516
5.99661720217522
17.3374735515248
20.8776213660595
9.52815431591299
17.1341892053509
7.88935902830118
6.75571907764668
5.57298098020105
17.9894639376071
16.7925520848806
17.5840812247603
19.0394018272217
16.8043673926249
17.2362285140648
16.150474293064
10.8379399322149
7.58634610286569
17.4725046874944
8.17496513325583
16.1053562963384
15.1246415935277
13.81467159962
18.6881922924126
17.4884906429517
7.57874861109461
18.3557261143178
18.2515022427893
16.2613194830398
15.6943753638704
16.8742643899126
16.7556968755627
8.47757945515185
17.051712822749
16.8523304764797
14.6523074883246
16.4239900534892
18.3889631273686
18.6150477371837
17.0601546505591
17.1735358035189
16.1290300755456
17.706174372578
19.6673813650469
15.077723252694
17.6659315205912
34.3449750964188
36.8169424844127
34.35119736595
35.6626913904838
30.2393301620925
36.43229194478
35.6760077828021
32.6147755360727
32.8030286204057
34.8787788240148
31.7288395216323
31.6254568882007
35.2941875151271
35.912738254314
34.6215160199742
33.0268724887361
32.3671083258043
33.1984866539598
36.4181994026451
34.2983739628468
34.3034627661724
34.0423779794657
33.7983475088179
35.1323253418051
34.8050913799094
33.7799120382109
35.7689177520735
33.6822134058893
33.7726136582407
35.821192721117
38.9552090580553
34.4768505038599
33.3752140307626
38.3626705671679
36.1908779814249
35.4715835367782
33.8679453074489
36.8484061448804
33.0189159052713
30.0098042934034
36.7512484776268
33.5202498774341
37.4381953800757
33.2795947944452
37.3684815803497
34.0599537165724
32.4082814812069
36.4164716206322
30.9093151573058
34.7349082265228
32.6333018373558
34.7410034301847
35.1104259157611
34.5631199859194
35.8952256114682
36.3707217996334
36.0543604578092
35.6194174577101
34.066549606195
33.9070636520025
35.8363774170179
35.4826028283141
35.8071392491118
36.4093458696439
34.3805483241417
35.5264149339869
33.8935266644793
34.8206939373894
34.794031062101
33.2911626039479
35.1690781720135
35.7000211615285
35.5085828550371
37.4322539785064
36.3904383062155
34.3834745505994
34.3622817845778
35.209225763552
33.8816990395767
35.8668817333729
35.4625767276563
33.0481711190821
36.5398612599028
34.4559763379263
27.4078028517278
36.2248497728941
34.3561569849172
36.6087187862615
35.6987744404164
36.2844710131025
33.967943876497
34.7423108049318
35.3038453160451
35.3828349141642
33.4774265328405
37.0410650154085
34.2325599209643
41.0118754447889
32.7383207525985
30.3319681543508
35.1047729990574
35.3366427243159
31.3644728346258
38.0212625334858
33.4014327268791
34.9915942320111
36.1844967018615
33.2429754054345
35.4168844230701
35.5235464705413
31.9697811970744
34.0358028427146
31.8401483277386
34.9001612613612
35.5456274463658
35.5778434611411
33.1640740579803
34.363632630631
34.1027243216792
34.4970816168637
33.0633311906601
34.6260298269138
33.5553237039068
33.7970790329797
34.7345148624224
35.3772502792566
31.5608227541695
32.9248162562174
34.5717926808716
32.802895810075
35.1966155804169
31.7900738987967
36.4335294715422
34.435493008225
36.2854844173375
35.7875117949587
37.1968292028363
34.3163838887242
34.104642403867
36.1729361448605
35.7449912536004
34.3097351706829
34.4810037255326
34.2008251792844
35.7575413333078
33.088608624008
35.1394449083553
36.2588909080596
34.254608642034
36.1465619095068
34.605908526551
33.6223505109819
33.708999209302
33.9529449979176
34.9309705044066
35.2622959765629
35.8330487753403
35.5684744683423
37.3594679203729
36.1359384713858
34.6046334298417
33.9365458777516
35.1296481107188
35.8985489083538
34.5013786113026
37.6272548032603
34.7976213663017
32.9284892906913
35.9975102429807
33.9071909168636
33.417014908834
32.2389335082801
35.1664092158378
32.0790546690445
35.4674139974614
33.7969992160703
36.1462800450122
35.8122857081693
35.0448658594281
25.1765502361763
36.147163021188
30.838081983649
34.9870696111344
34.5923749641277
34.419818709282
33.105926293751
33.740530756995
35.7666680487876
33.2500692719326
37.8921148100588
32.9791871461633
36.4665463211909
36.7572970207616
30.5778843314414
34.4333743514984
32.4019207264118
33.3340260414658
35.9834226839636
39.099907946297
33.8190010505162
34.2038118539354
34.1600131968557
34.9821814967379
34.3986717373766
34.2525658948341
33.6438563478209
32.9142341726649
35.4949929507289
34.6144543780101
33.5125815266721
35.4971910994718
36.6231577303385
37.5270810792405
35.2215984264434
33.6087169299316
34.8216703345929
37.1423392704289
33.9854761455338
34.9463271997985
35.6716233291532
33.2252803911216
34.8182219885371
35.2031817577734
30.866611351112
31.5476929250031
34.5287920292339
34.3041325646915
34.4960140821618
37.3536786486694
39.3971684631753
37.250657573454
35.271181711707
34.0735737978116
34.7811922042312
31.7005753163437
35.2090846910274
37.53272293309
33.9845713814797
32.6375192533505
35.6426870069665
34.9888662903964
36.5321074550739
35.9848121470627
35.9598254511665
36.0979499428077
34.6113708680635
37.1031878592825
35.1717457274324
34.0563508380932
35.0023425988186
38.6939323721321
33.8086118004583
36.8670354297263
34.8536308757131
35.3765718422955
38.1128842234171
38.7254631510564
37.3175254667189
33.5510965922811
37.4012884428044
34.1508332215191
38.4461797946873
31.9946628774702
33.4084951454916
37.5997614443725
33.2470995106094
34.84927798803
37.6160667912228
35.5706741819204
37.2568423685809
35.664274089178
39.3393748850047
33.1711545286782
34.4554238430993
36.485398870443
34.9179591853878
34.9900877621498
38.8365514176046
37.5230094417632
37.4129646471053
34.2332620032257
34.5127534486846
34.1175091172891
39.9972161459778
35.6898860264674
33.0471814590824
35.20921503236
35.7927210771373
35.0574786630248
34.3052887997925
34.3740836657701
37.8097014333886
35.4990052870988
36.6371836857544
36.5789206269938
33.0671362342149
33.5845454968899
34.131313671101
29.7832449764426
33.7459766876745
40.3410442498664
37.2112343095579
35.724364167678
31.2437058005762
36.3828928471179
35.9352634463283
40.8651707381071
38.9098840255194
34.7285090231211
34.5795475067642
29.2573456220983
37.6394182379929
35.1672023551888
32.415528724526
35.4476984852566
35.1905689238907
33.3545858477426
35.7749303693586
41.1858535255611
33.7279165800841
36.1299830907364
34.7822537711936
34.822911414402
33.2220215662273
36.3475749381821
37.1197436604151
39.3574992632372
34.8004834506287
36.5502551442864
37.2578333154062
35.1155497477542
37.6936411898741
39.6805434430854
37.6177508958481
31.6333300837647
34.1273345036448
34.9348058183392
41.9145227610747
33.2777938033974
36.4214197713773
34.5161132524328
33.2334935136895
39.0866737973234
30.4859331475597
37.0310352364131
33.7631108830146
32.6672410820909
34.8267617632186
40.8440724545273
37.6839478858324
38.274929127053
37.8100517541073
36.4858371064391
34.3441927362287
35.889659566589
36.7409220897141
35.6821472624782
38.5154772327129
34.8671068953
36.9411609401194
36.6202748177533
35.5907498262645
36.6266196556933
32.82355595507
34.7921762672469
36.9006661424086
36.1915667996611
34.8851040112202
35.1839219711003
34.8230826444656
35.9493811043696
34.2061142143916
31.0634472458698
29.824177200374
34.7761380166872
35.3584142885011
35.6936314134395
31.9452737761135
37.0154498984552
29.2061458484461
31.6690143464435
37.3643723368736
37.3068679898842
34.416383121652
36.5686509001056
36.6902627243294
42.0087947590226
46.2504323198978
43.9505353462929
43.4453300704582
45.291442287657
41.8631053718156
46.4120459253232
43.3255478734859
42.2042934266995
44.0183452472546
44.9805679906463
43.1679482377359
44.5643630373109
43.5861525736042
44.2518291909062
33.1335408396556
43.3595477273422
34.4845308698401
44.8676646615863
43.6533100913813
37.7255616226141
34.8161070388208
46.0097362355107
35.9698189977781
34.9153045494307
42.8215784667566
35.6262265121561
33.7536401650274
34.7198122151511
42.0770962291466
39.0844074951045
42.1961409106984
42.7571385547754
36.4419069864148
32.3356928251389
35.3010228861033
41.8093549001058
44.2199193164172
31.3831919925786
44.4334306482766
44.1104101247785
41.2552358030371
40.0449393313287
41.8089057803306
34.6713873491062
33.0620253914587
44.7337646554455
35.2987649472545
35.2342478817438
35.3978975794948
34.8776900463219
34.1740315663474
35.460661769948
45.1249311631262
37.3746278060637
41.4989566576018
35.0032367733539
43.6171770344597
35.2099771786623
34.0272466828757
43.9949694850548
34.5884745442803
43.2487722995077
35.8891665040844
34.2626411863198
35.8218302653938
35.1364683622529
45.0352204333973
35.5104043290842
34.7547451144856
41.9381199634408
45.8358128556043
35.2499259250626
35.3292869763294
34.9948541066875
33.9818347685683
33.1959924557387
35.167101590399
34.8583208726365
43.6301637035837
34.0571101891419
32.1066201679882
34.5669584101364
34.0541431626775
31.8909727198959
37.0404996327644
34.9359773030467
40.0051394889559
36.0632282195967
45.9513543554095
41.6374848105069
34.4247257415861
32.6541502113583
32.5356880024082
43.8267388818049
35.5198883687902
43.2791350881621
33.6253463443587
34.5677204254229
34.8507688152605
33.8760058809557
45.2661161996258
36.1321483493113
31.3724200066897
44.2757800599631
31.2741356200971
35.5649798149294
36.1094762904762
34.034106694675
34.2091012666303
32.7688105646139
42.1207022254964
33.9599690367086
34.0780857399059
36.2145592244751
34.6848813833351
35.1320433436455
34.2358793018559
34.7151353761409
33.8990597718764
34.3164309555775
43.7059641063195
36.4389468681637
36.4322405890899
33.4981440114852
38.0174231069347
35.3399719972588
43.8328521547985
41.3772333867388
33.6368994495465
36.1917025157318
32.8863234979923
37.2642122267417
43.1819054258741
41.292301021496
42.5972790986289
43.6902369764819
35.0771112297551
34.4014622289641
36.1180852459181
34.1612011632363
32.9698648871058
35.383553930891
34.0075575787456
34.6894380492126
41.6746436814564
35.7463997535547
36.2964577044474
34.0638476077203
26.2223841330301
36.9233147731918
42.901079174446
44.4409266891686
34.2151928231664
32.8832020843416
35.7970869171203
35.771730002405
42.9487750629868
45.1283559764833
42.6990729411211
43.2667668340918
43.0470367329172
33.591444945548
35.4874326448107
43.0971652733247
33.026840890336
34.0362379820356
35.9213502251402
40.8573966197238
41.9016909761184
33.6869806566158
35.4606473860339
41.6783104147131
42.0131318724433
40.1555262047965
42.1596096141757
41.0269880802763
43.2732264710876
42.8615693606138
43.0071304992139
43.0594676065004
34.170527283641
42.2797252843473
42.0051882134658
44.5617569121756
39.8342867445372
41.2292636404928
38.5350996492536
40.4137011194018
42.8872679481594
43.133809832175
42.4914909129243
36.1976771124542
42.3196786098946
42.0713552465648
43.4464793363379
40.4136952057362
44.4220627049035
42.2062637493268
40.9004971113577
43.2116165819888
42.2384506892868
35.9575824447921
40.7421168125358
40.9133123959429
40.7188703689657
41.2292636404928
42.3758478145449
43.0559413891808
41.0871672439025
42.3845470765582
42.5783294952236
39.1441213956605
43.8013294955161
40.8506997856579
42.9419005105452
42.2799353731483
43.0041121155936
37.7843469508338
40.1133993748072
42.9545223265018
40.943529749832
40.3700489760712
38.1013898697429
42.2172329177313
36.3764278988859
43.6400244539507
43.5102471739228
41.9402454163326
42.176674288281
40.2568751153059
41.4850891613957
40.2350188179327
44.0672037158745
38.9580859568459
36.3185205119658
38.2917327519421
37.8581906705088
39.7623474038247
41.6850712934083
41.7907576008114
41.1853262781546
41.5299712597606
38.971221699921
41.5389565364635
42.4378144734191
40.795521212859
38.3425428074852
41.255619040625
36.7149660683656
42.3694858159798
42.6576983229587
39.4661489415965
41.8543457334057
41.9654505196675
42.0329757723984
38.5644285815997
42.1278386012471
41.8701811765392
38.3054021860028
39.1409170392694
40.0751402193816
42.5685269640206
44.22274260078
41.8019251692942
44.4413271051175
37.94149563906
42.3080761633328
44.2905135087482
42.8504526329218
41.7907576008114
38.5524986618991
41.2086343903414
37.2154069271852
42.1498050179953
40.9748645139775
43.2482365570254
40.5719915641614
44.6667435855982
37.1693080192416
41.4264682014799
43.0062915250979
39.8934514012553
41.4454102844643
39.4823679487856
38.7042781133549
39.9180094852859
41.2386549686373
41.210671279281
41.1000401236615
43.5583827895945
42.0640523958809
38.4198209747886
39.6353215042573
37.3190633983278
40.3808081682866
40.6506806742137
39.0663938190913
37.0710687798512
41.6381537114859
41.697128970914
43.2231177351837
42.4749407689871
36.0652214504593
42.2882098237807
37.1049333594307
39.640584164643
41.1401040527755
39.2249877006013
35.0483347033389
35.3653397864387
42.9130890947833
35.2451926487239
41.0578286627709
42.6190139847557
42.8884817248257
42.2144695504614
41.7005025782534
37.9248221014226
42.2388382711515
33.021755055674
40.2648112757103
43.2077694278048
42.6109880380184
38.4152789353781
37.8929804154074
40.0446490429942
42.1870236572723
41.423617863074
42.114041658566
42.0877892933514
42.6953882298353
42.0777365303585
43.8038726542727
39.496436491327
41.5638734687542
44.3486524302941
44.224605200468
42.3727617958787
38.6711879845209
44.5327539172306
42.3948007228361
39.2144226280992
41.1453790110993
41.8166105897219
42.8093092013354
41.3698609610204
39.9131776206397
45.2119802548132
41.3073012308698
43.8216828598367
42.6531202521876
42.7536383844132
40.4997881943501
41.3388389163011
41.3087515379231
43.2206184236574
40.6869915004086
38.4523620628677
41.9190813085628
40.2373995262422
38.4522617523969
42.5309802771377
36.9934141720175
33.948234917472
38.6619292899278
35.690886189591
36.7199255062928
38.431932374668
37.6490409097851
43.5378029719812
37.8555109095347
38.078055134821
31.8755310995316
36.2292804876263
38.2608637255383
37.1433339696532
42.4114159559148
37.9432162951
36.9718191088411
37.1600807457112
37.6023199312961
34.4700837924214
34.4766584600152
38.0175861555095
35.0871659414825
38.4334720221091
36.3505484189091
37.1946114505206
38.1971110251727
39.1954020982479
39.0239089727495
38.3085776165808
35.3704578949455
36.9052639602055
37.959137431638
32.4093564675005
35.9985463698328
38.5094786684005
28.5264703464876
35.1548174472447
35.730793616311
37.5946743563796
34.2314270479825
37.3341847473451
31.6673507926246
36.790446850042
34.2417270087586
36.3273878936225
42.1024482139728
35.6939601664919
34.6142933624764
39.8204301592892
35.5175021780885
39.2203696841368
42.1234724914786
38.7346575994731
33.8725214873262
37.965054286675
40.1290279915627
35.2297152721485
36.6470631700929
39.055619954742
34.9388026739622
38.8909586983071
38.017400483014
29.5997613699719
37.8624839867976
38.3949274302025
35.4599204009363
31.6988861537395
26.4623146624088
34.8092224753602
38.0879058534916
32.8540955512021
35.6122996932783
37.7119346354351
35.1122613564209
34.4596856377625
37.8584565982663
34.3142860224308
35.6117741317045
36.937102282162
32.4099701685638
34.8978418693741
34.4982594021627
34.3452730361467
34.6590663712043
35.5896088289156
36.6951016625225
29.9122871678503
35.751431676724
33.0536589566448
33.5390863762897
32.8360331241681
35.2259295993838
32.4764819737866
35.1749773259445
35.7374273565279
38.1225020442294
32.4961673945016
32.5596694595013
31.8272552883429
36.6780652195996
35.6217614357389
34.5579879428999
38.966946989773
34.7413482353862
36.1315054958159
33.5645654452414
34.200171392482
21.780379312287
33.7468252649077
37.4750338996283
29.1581594714943
33.6385993487555
35.5290537911394
34.5185920139777
37.2562541463941
36.4093422817628
33.43330742604
35.9518110848301
36.2966843073779
35.4833326205105
35.3553734108554
34.6059021462192
34.4860860525273
32.8536494614485
34.5555892356889
26.3350348765007
36.0528876465619
36.7765649731297
37.4794025641211
36.5292256045277
36.2535522836863
33.8514595658461
38.0448697335403
33.3230385887221
35.8470758253916
33.1251417546127
35.5096859698619
34.1898584167889
30.6556523537618
32.2732204441657
20.1874040270632
28.5692303838685
38.7776501808539
35.1861811264996
35.3004731444478
21.5525402912068
33.4813872469495
36.7324196480349
34.8244103465902
34.341566729115
37.0680144133035
38.466785617304
35.6927497319036
34.1555479458087
32.8828453143501
34.2629409096925
35.2588503482428
33.521357871722
33.0410370530575
35.9869001471894
33.2446246302939
22.7389635003875
37.733971154426
34.9559126119631
36.1908594831828
35.9140329294088
34.859823799435
36.081591507133
38.7995315457417
35.855498209293
32.9209494267217
33.2016082040344
32.4481963572156
34.8220859688988
35.2594832636864
36.7382544425723
34.8310856630167
38.70305167083
35.1590422957117
21.182574239527
32.4975769217948
36.112584504252
39.6986799452803
34.2041108140219
33.4244421405828
36.5217467296357
34.6767847411776
29.4889271911514
32.7360046865373
34.5714001037282
34.1698165516764
35.2008417986921
34.7898544220601
36.1263634101648
34.0343424253591
31.6925708905135
29.5941346081346
35.1773372283682
35.2153495131224
32.8985290375514
34.9087899155252
35.6308443992307
34.0375238997284
35.5091914447723
33.1163092314014
35.2637091537149
26.1122883484679
33.5290686765008
35.6501608073161
33.572310172169
37.0937538270814
34.0563985612374
34.0098748978558
34.7676661035925
35.0428014566046
34.8447588321783
23.4231388799336
35.5373182161515
35.5489714420615
38.5961826579398
34.4161228410479
34.6936474610887
31.6651441256621
26.7512312052671
35.216965618939
21.7868861248046
33.3460334670981
25.1293044904796
33.8803019579049
34.3693625110744
37.088138223314
37.5275715015756
21.9942747827103
34.4625713389952
36.1462493510645
34.8373877642213
34.9201201684613
38.1058054194807
30.1476714781756
38.8605952778947
34.6453684233263
32.2718383298914
35.0512026930354
36.5186758139822
39.030236449171
33.3483788722134
32.225493781846
38.1997386653233
33.721444607313
20.1802452701301
33.5503504554294
30.0536355157343
38.6354719241946
35.5425317121047
33.9790865827477
34.6724976418853
32.2375044483894
38.017919487797
32.9566784468988
37.5817736543516
38.5533749100889
36.1507402155808
35.2196352247983
32.5164149231452
33.6798282164022
32.3125521094852
34.4771041096616
41.3953067074526
35.3962566428181
45.2198038146715
48.3771297014383
44.448094131436
32.5724393992592
45.503192608681
41.3230212254636
44.4812721818894
45.7687608196793
43.8723691826576
42.1447018465887
44.6503051782261
44.6725171400533
34.6119960235754
45.0272286724279
43.7754562583648
43.7301349245924
33.6824513547011
30.65319602788
45.8689708849658
35.3803156967176
34.9968075347684
26.8430936292965
43.582619550992
44.2885340732201
34.8928988426801
43.6114972124349
45.1181350330848
35.7357702762149
43.868232377597
42.0173144509028
43.2001334544849
36.2506270975739
35.1961518898513
36.8965218044352
33.0297102390398
35.8554098988882
41.723209018898
35.6525282315874
34.6571082414552
44.5934204183859
38.9659238429722
45.0970873920085
47.7926383198331
44.2004027217061
44.6995611156329
42.4500715671782
44.7664246170887
43.9229294927889
37.6726667791992
35.6604232309922
43.8114734494074
40.5327545198724
43.9471659269068
33.6090991917932
45.756590951742
43.4746710791081
33.8809574796763
44.0219110314508
34.4783880271182
35.3200202547913
37.4037390964141
48.866226802947
42.5392880401587
33.3877430145921
39.2370528764826
45.5043047607468
42.9601027586626
45.0691502764721
46.2677647081043
42.1088229261731
41.4126841890467
46.1370807090869
42.6013920829236
43.047170223222
37.0461059028133
46.1447878508209
40.969457990117
43.1611623869203
32.0488484471135
34.7446047056762
43.6662319421712
40.2309674832236
41.5456961171857
38.7306664059374
42.4059320816046
44.0625945167107
43.2931072116507
39.5139538232393
43.6686262788809
34.7265384758235
38.8537028266944
43.3988429482841
43.336156569532
47.7957396115402
48.040159576325
44.5395417861398
43.7431899970623
36.4105490235508
44.1477624655232
35.8689668712612
43.7088723896221
45.4310795945326
43.0815270832624
34.7317464974356
34.8952216523805
43.697975379345
40.7117081972031
37.2283679938943
39.4465266144381
34.9076865837311
42.9036214372563
33.1840841181758
41.3783683256756
40.3269804578338
45.2357571813137
46.0132302511556
38.9890532819631
42.9271423579944
33.4285069486794
45.5836598384356
36.4668388542457
46.7709229675861
35.9522125570521
48.8393589870795
35.0121453737208
43.5871412670602
46.4526284218397
47.5260299190328
45.4697951655893
34.6742042418978
35.708703841418
37.2584577030212
35.2719179769615
36.5720586449439
43.0706245272661
41.5140073476048
42.589051026854
45.111784949182
41.0376142370151
43.7214302143001
45.0224249612445
44.2776125331953
35.2340320066069
35.540376515702
42.0027919905936
45.2263309854378
38.2880990983429
32.8987978169791
43.7506778566448
45.7471123454522
44.4073395286581
44.2068328018449
43.4269746120449
43.3337633204459
42.6690739012976
43.5285045892022
35.7470315820999
43.1594933154696
45.6285002245285
41.4747175839987
44.4024492125133
43.9479914870614
46.8900167180354
37.5653228392714
39.0660020243844
47.9795601155953
42.0276820425802
44.5681228941984
44.9000442817361
44.9265772218643
39.2163296619463
42.0323578604025
46.7639152650665
43.718639287383
41.6337123831341
46.1426986306341
38.4335566047623
41.6094112208827
43.7475858048967
45.0372361963231
45.6095460568973
43.178737060305
42.928543326814
40.3705643569598
45.536872581154
45.9338882470232
44.7566316134401
35.4328791087443
45.3558229675841
43.8169748613601
46.5338153079206
42.7200082326231
43.6399834003636
43.9292347178528
48.0915009466218
40.8427828847166
44.0038193957464
45.4868840505956
39.2276036894532
37.1453998422666
48.2743852731932
42.2233838248028
42.1501253534714
42.1975939576475
42.2124900339814
41.4838178724787
42.7697392902371
42.0242850834509
40.4721444521583
45.4060882270917
45.0056978408188
46.2701897014068
40.292079557575
42.5791665984988
45.2647345872786
43.6284835147067
42.8666626541297
33.0807163136197
36.0066066214021
49.7836806314295
46.3610030114525
44.4888835179628
46.3855732955518
42.0139286350712
35.7762645743434
41.6936605118739
45.1511167946949
38.6630364721614
48.2747247410421
39.58429947151
44.9044070898402
45.197001402561
41.121951017782
43.136193869933
32.6726755388904
42.8837881210589
42.5101058349634
44.8450802314314
44.3837596841786
42.708609323744
43.6972731932649
38.8861991313714
45.5341914062387
38.7976372536468
41.3427792549124
44.5830172069037
43.2129266040908
47.7433979114146
43.7702779799646
40.2673979850434
44.3120410167298
42.6585949814823
43.975458012561
44.1799593858739
42.7107352637147
42.5135570478801
44.2326206243264
44.7746560193601
43.3328600350008
44.8436412024348
40.7417731131938
41.2613764590027
43.6813181488607
43.2283421720654
43.6915507400825
42.3797893639516
46.8344984576676
44.43807560176
44.3504672690748
43.5429336395959
41.8185272381064
35.8126648082693
34.9553310122281
43.2858019377141
35.0445837397353
40.0885954891803
43.4740331414175
43.1873803123721
43.2048828969314
47.9625270119604
33.9873936352137
42.4059242185468
43.5956569941153
46.5305678204789
41.6810023824665
44.6526541458468
41.0656781645461
38.553206432523
34.1570259630728
42.3182009115634
33.7074581584814
36.3193554104897
35.4260685670934
34.1218880174804
39.7383830016672
34.299216398701
34.6460853611816
36.0204516200104
35.1489017378132
34.1776101141157
22.3258898411357
37.8597080853487
35.0156213631576
36.661214136808
38.8699357065425
36.3957892619305
41.1827707837485
35.7106338560114
35.1853080821913
31.6584903550353
35.8480258692779
29.5040547265792
35.9233002965045
34.3880577937294
34.7374847735159
34.5855272157597
37.7521239087427
37.2871789758744
36.4521041024711
32.8153075829329
36.110574011383
33.0688582540975
37.3371938635152
29.003943171988
40.1541653382031
34.2305647369015
34.0805154511655
35.8944083488206
35.4449757985124
33.663382736773
25.3564581803926
27.885807075567
35.7091583401635
34.2419562006655
32.5338630505984
35.8731972784669
31.103795986965
34.0161007926062
37.5510831463782
38.6298940292799
37.7393341548781
36.5199863603157
36.4633020726791
36.9935617092838
38.5695400221976
38.0150626809835
38.2221532324744
34.7542332328438
34.4274511954249
43.8392990065924
34.9761870252488
36.2097701051694
33.6675575130177
39.2827110867825
40.3737635683501
34.6794981707445
35.4157654764846
36.9993691087763
36.4113932713674
30.23472292813
35.0873531849269
38.9165442719518
35.9693255040529
34.5472170462245
34.7485470419983
35.8182586248375
33.445866232282
39.4360870162887
33.0458303843656
35.7130385042515
34.8960138976516
35.0104052470454
37.5119699235786
29.0457051780322
35.4541486681667
35.5696588672022
37.9795985843802
37.8839986198862
36.4240798678242
35.7962557880049
38.7244130497919
38.8231920482527
36.8617280287608
37.4698620807056
36.2493470242531
32.9134459564389
34.2258247970307
33.6966455186107
33.6618750129707
34.7956242633641
34.0538241987596
34.8826945317319
30.1715322501669
30.1377221689816
35.070013593404
35.5618125343076
34.2744524754178
38.6263619755075
37.807640902324
37.1598609360004
34.2916755999938
28.2372548903034
39.6914866218423
37.3107027823436
35.0354989130786
33.7358501644406
39.3762827723018
33.9183491536075
33.9962979218062
36.7766261274123
37.3217564579048
38.0103287311333
34.2529377885237
35.5073172579288
35.7973912151565
34.8011887230995
35.8842623705901
36.6888324646511
36.9284821324603
36.5395047846187
36.334178505365
35.2983829309686
35.5006523691774
38.6371807919911
37.2216057524774
32.0761219077523
34.7545487589279
36.0697357616575
35.6765814645612
34.1247311251104
36.855237313655
37.2731844641953
34.3883762198112
39.0709332421895
35.5423773287743
33.5914123490714
32.1958636394465
39.2715512074144
35.3477503857426
31.3405542029198
35.5897031443635
41.0985180213225
29.9962481484765
36.12593268172
38.3228142722264
34.9368417054294
33.7083463012631
41.0229567212842
41.8780345878771
35.4446937029389
27.3101097489945
39.4414657847917
33.9159966656335
34.8402648810672
34.596485534386
34.80286591988
31.0424779756597
33.6699862352644
35.6751680631393
35.2685451010101
43.2070327745309
34.1536622563774
38.0677828049084
36.2847927047363
42.3628174516422
35.6158138010255
42.0362834236888
37.2184446481727
33.3628697477595
37.1910826731886
32.5818824253652
39.4478695719729
37.8347145854755
41.1116246876481
37.9696939633878
34.995202967557
42.0311598028789
35.4442206774639
36.1653755024994
35.5973555326845
36.1847455087677
35.0264196175047
36.1075583046445
33.8823884484782
36.3947664891873
39.2153415714937
42.1605312597971
37.0628299590748
37.7814416157429
39.877107268369
34.9424388247288
34.021887489142
35.2706036554034
34.7222285978824
33.0041542048678
33.3300357460747
37.0772369467542
34.0428110739892
43.8916768957386
42.0361164386934
41.1701381950252
40.0676349890985
41.0960316468648
39.097464815344
42.1859183949151
45.4470988547721
42.2022176742378
42.2853091367417
42.3245590684435
41.0513954150234
41.8882004496277
38.2151548329479
43.4647670864056
40.2076541331883
43.4959456056039
41.9594251921425
41.7612809637413
43.1811817669331
41.9068068099164
43.7026453711888
44.9821554368174
38.5025221342479
42.4736285720431
42.2539989593445
48.9352837194455
40.0927618686068
42.1951140284791
44.3687808960973
50.7938458589642
36.0656073056721
41.7926956775088
39.488618857567
43.1446513825991
48.2047993835776
44.4411124876775
41.5030936631538
43.9086622131709
47.7422305817229
44.4126696600661
42.6070626862307
43.0823694285917
42.878520318309
45.3820084645063
41.1167433674032
44.4085782137592
43.2803778595308
27.4831381751021
43.5338389082332
43.7545677718246
42.1675239815198
34.1228249896086
43.255833425193
43.9186943522993
34.4914167376457
44.8782654277701
37.193938320487
44.9287884981079
40.7431759986912
37.6781771265393
41.1661637231808
36.32504690352
44.2428398092505
43.007517812214
42.4667124163443
42.4890290140513
42.0354591122098
41.0973558214367
48.2669549847119
41.0757461161682
38.9346746675076
42.8040237805215
43.2606107935777
41.6967876061874
42.3721644866535
42.9551341389197
40.3435767794058
38.8363039035963
41.29519451636
41.5235780032368
43.3761222637152
38.5225515391476
42.8026165802316
41.8453407330905
43.4843188404228
40.3514306683045
47.741416218025
40.0792326207741
42.4987540828042
41.603322548791
42.0482326253332
44.9332797710599
41.2105809267116
40.0393004376023
40.4278421178751
42.2202586476081
41.4942949806506
42.9847224381109
42.8337301010006
41.4014268092548
42.2816274684787
42.2403410072661
51.3022132673256
45.4588057055714
43.4528425161419
43.0890380143052
41.9568322868576
40.8366035641244
34.1080086030317
40.0346555460463
34.9181553178372
35.9696997719386
32.4375439311527
36.331734262738
35.9042214053945
37.6482049014166
35.7968648417794
36.2537333650875
39.1812982900335
36.2104217869003
33.0901245338202
35.7883941470686
37.4905368781249
37.1042428422246
32.8808970009943
36.7413697835257
36.3026415023388
36.3313387834395
29.584939180361
33.5723682221849
35.8484760804506
35.5377862461159
34.8119942455667
31.8923164020631
36.0965781170116
37.9087282688297
41.0293951010349
36.2659865223603
37.5279890565721
36.354479102942
36.1547158939496
39.7623187267617
37.6656970044548
36.8838953328518
37.1908194335578
40.7808126826638
38.4434746739299
34.549762284611
37.5127526085121
40.4794188852736
34.352942037371
32.6380354061362
37.4483550070684
37.4387763483134
36.9684814325866
31.3902725718005
35.1050795369721
35.8687358580285
36.5783368229274
36.6273058673745
40.2244968732046
36.8962669431675
37.8487282636145
38.5693793108538
35.0077146116606
34.2222052815058
39.8510621126857
36.7717479248291
37.4809474312033
25.9809811015599
37.6815688331139
36.1329023323427
37.3867746924987
36.0009611285419
38.6557486483463
37.5553851622022
34.7443048176181
37.842327468928
38.2440774288414
36.1709750120158
32.730642299993
37.4255012743565
37.1611293985955
35.9998481642517
38.3478181574576
37.9877999387138
38.7973855156777
35.4677335522002
37.8689589883941
38.5113651348642
38.1847067664115
39.0807740278422
40.3998849382002
38.568588775129
36.4651893643658
37.0636655508165
37.5977839742928
36.3004840164605
37.2695830622497
36.0374954258578
34.7578452180625
40.3048885701325
38.6543877836484
37.580097993472
40.7108374143337
29.4292387296264
35.7418424605789
39.5617643606701
31.567683081743
40.2787175067495
38.2176680429477
38.2993324417946
35.6595733201869
37.5923577907053
38.7598453740563
37.0723590644827
37.3876069563936
39.7681849256801
37.9566997673831
36.9965164967231
38.4808559921404
38.9092932332348
39.1096909308102
35.8738828150769
37.5127877080481
40.3442293907353
39.7288234452184
39.3913934591993
39.1216776401359
35.8987749977945
38.8861650426559
35.8006509349131
38.4194135219228
39.0361137866266
38.7326151896243
37.6472773025644
38.8105498100925
41.7053068686777
30.4409415963144
39.5164799784241
39.1977722669841
38.100189987885
37.1190098765114
39.6076303846933
39.1615515710603
36.3856930356139
38.1782814642198
36.9642308418656
40.2566667468524
38.5653621388333
36.4891584303862
36.7237802715017
39.2023786229962
36.874754638032
36.4795075217284
36.7181731302369
36.6232183357067
35.4848977433909
37.5084247604225
37.9181424163668
39.3011646290867
37.0596218517544
36.0799244131553
38.1365048608284
37.283147404974
33.5860205410264
36.663625976512
37.5964174534299
38.024058169961
36.6203899078066
36.4424943613416
38.6486277248183
37.7345716936289
32.9326086885685
38.3573874444196
36.9837242940604
35.9860193551957
38.1441363958246
39.9939309959191
37.2661538845187
34.2332034639478
37.1461405510025
36.0757239257303
38.7744084799323
36.1574309726199
35.4555424696398
37.3741851508073
38.410516217209
37.1822392793986
40.1001975437513
38.4667886864
39.4844664170626
36.6716928900744
39.1720287488663
39.0175961313599
38.6408154565379
36.9262131099505
38.8097311647367
36.7257150201777
35.4595204491208
30.7828603136942
36.3774655804527
39.7548746618267
36.527469832539
34.1280410169655
33.971769114746
36.8763082661337
38.4970391613537
37.3205215161072
39.6864029267738
36.1221153158274
36.4462733902774
37.9725191428479
41.1445482087622
39.5818945708183
30.468842720866
38.7679387321809
37.4113135009634
39.8151609525844
38.572558070415
35.9957346612687
39.097183738223
37.7827561842557
35.3522778919767
37.2986167703225
35.938229421117
36.8044925936558
38.2502115885441
36.2621191266098
37.9238632034901
38.3469985060079
38.4622207947945
37.7232316864438
38.3800006327701
37.6984091246683
35.4871472497054
35.8379626509553
35.0500879179928
37.560269639834
31.3015752081709
32.5020447486199
34.7066525910682
36.5001655909059
34.654878697617
23.5499214761759
32.326252035585
33.9946499291552
37.5843737097195
34.3229743710107
34.4683467530034
37.3074018595586
34.6852956298744
36.9865482209283
39.1400163734237
36.3683850195746
33.3743773335814
32.1747473692955
35.4718630121676
36.6537948907676
33.7884909412314
34.7172449683289
34.3088065520823
34.3691646829025
35.1510809103754
37.5000968048763
34.6196315353473
35.2649124705024
39.1275624571525
34.8904750320412
36.636085979797
35.4036384894828
35.6422461456166
36.9735253677102
36.1362314666813
33.9649360200162
39.1025787742252
37.3708113884433
38.4138543457375
38.0674798658403
37.4026912222579
35.8611619325699
35.5058581699061
36.3735461305682
39.5694163578822
40.6132601865723
39.3716831927529
39.9131766475517
40.9814406732439
34.0867827155568
38.0615759946253
38.0497749211673
34.202968777728
35.2971155464628
35.2961474465156
34.2372625306725
33.6970448979988
36.5063261695076
37.1893986252611
35.9875113129653
36.1615092030648
37.8821302199313
36.2270712120915
37.3071727971723
34.5793230664047
33.9299364917187
33.9358530538347
35.3425382969495
35.7549974297816
36.4701545498096
35.8041485753091
36.3159586600015
37.5016707919329
37.2539985667924
29.9100040518465
37.5768338141608
39.215749433051
37.0427872221949
38.5904000720386
33.6109431031372
37.2585324732779
35.3656658462171
35.0825445544153
40.1578248220418
36.006565029477
35.3676324452337
36.4152222938454
39.5619697238381
40.7028531367524
37.8762878966323
39.4736738558159
27.9917480950967
37.1566046053595
35.4080767529682
38.3915510321525
34.5208681543759
36.868011642657
32.2078997196888
33.3597231535812
39.0011378150325
40.2935307586922
34.3517068167623
34.1206042096699
32.7433498543027
33.1609124223378
37.4272351619538
33.4435984596983
36.380420777767
33.0340310060058
40.5902247220699
39.1445608897392
35.5077621648616
39.0106988863686
37.1884679234728
26.2617691508668
36.3913605536743
34.171549227209
26.4254202463508
37.7951724458238
35.1499203581571
23.7308650642596
37.8145777048638
35.1387350372265
36.8745110194546
36.6870019829541
37.077496205346
38.5723653802325
35.1713251534694
35.7093543326054
35.4806204268235
36.1637040791249
34.3907678546057
33.5875513784994
33.0062264236584
34.9169447040335
36.9593396075981
39.0526113134809
38.049965025333
37.0613662459094
34.7819671453728
36.8587871286071
37.0634353550813
36.8855273181492
31.8330264943121
39.4948064702323
33.5851518305841
34.3681202870966
35.2885428874487
36.6425638955102
36.1369222815983
34.8200460096843
36.0663858564809
38.5213899667282
36.2214303981488
36.6215482006107
39.3874817451369
35.6223801264589
38.3106927065184
37.7139473742422
34.2611586075785
33.1955516623489
37.7652239101548
37.0942865792267
35.8458181946728
34.0527776145808
38.7086309035274
36.7688586185589
35.7312931006294
36.3340027492819
36.9669797816658
34.1387152811276
34.8191400559473
36.8642527746511
36.4359583556045
35.3908533050588
32.2996930956051
36.6874280178012
36.7960012626835
36.8200624093048
36.9124326392188
32.6628138403478
37.8088943098601
34.5553320574239
38.6954367629392
38.628784835592
33.2755215630286
34.9086370935827
40.7942840753536
35.1996590339651
16.5996855565684
18.169634633194
18.3385419129076
18.2725160067688
5.14072472459238
12.4891030118278
17.7843638917853
17.0491263638977
18.3790797231382
19.4324236578055
9.85808373233015
17.6515179847691
13.9763905580943
18.581307678673
15.8074596980916
17.2726198841065
14.3512157740437
17.0195014147603
18.8719028040184
16.726959562879
10.7950382726828
16.8034630018719
12.0763293054237
18.7622692488473
18.0104544177582
17.481287131125
15.9145083889255
19.175732496767
16.8285847303968
15.4784927592988
9.2490098444875
15.9891122976986
16.5502058939208
16.7183992262294
17.0450406203498
16.3944712548952
18.9655975554956
16.8901369903559
20.9518609168756
10.9777631089238
18.7173293787347
16.9487584144959
8.88682108447147
12.4956109783794
10.0569598654901
13.3538821120366
17.447602523772
16.9334585519216
12.8647910560842
15.3675406269508
14.1541385063736
16.758845774918
15.8243059000249
16.2355829037747
17.8309221631055
17.5609135617491
12.9573690340372
16.2349464285391
18.5643024834654
16.257247006149
15.964272570908
16.3897689232597
17.6463048629032
18.0489659641275
12.2250738029872
15.6329234882183
15.8644463242413
18.4005284024177
17.532638114335
13.5227690474775
16.7666205744145
13.0973226657623
14.1837355494447
17.6152161198476
14.0692062041345
17.949093062554
15.5035518040725
15.0199404657173
17.843998967744
19.9316061293369
19.5009235755478
17.4347123432762
17.470815971805
18.4097518339159
18.710579087696
14.93587245595
14.0274509186685
10.2428726859353
16.5735170803813
4.52520015097241
16.8298721291583
10.905617516168
14.5585290903377
18.6917853326688
16.8999237067451
17.8803897569763
16.1659774177648
16.9388775195066
16.4329831387519
18.4937303039508
15.3071851895676
17.9905470117095
13.6933240631976
16.5874004400202
16.4286050155106
22.3795559251939
15.8945560520406
13.4670690175724
15.9531993527872
15.0113107524779
18.5695910146846
9.40332035449157
18.6755193874897
17.8354661730149
17.8461419866208
16.8641135385797
16.2628723823171
21.6140968157184
17.2675125530268
10.1844213479742
17.2851655876392
14.5838523713722
16.5991311944803
18.8204177387461
16.3021773453857
17.9351783626814
14.5509584842983
19.0555787667487
11.4973325518897
17.1529056448267
16.7838597551234
13.8729769372467
12.2502564740737
18.6722987156015
14.1425392419758
15.4079800581898
18.9552605598283
19.0960658493903
14.2708347501745
17.8357353771714
18.2360239701484
19.5439965020297
17.7547658876464
17.1108118176295
15.4668464162501
14.6423269260522
17.7310096041082
14.7308356410816
17.6560559846807
8.32589985838042
17.1026627359876
17.7565386366548
18.9961635815843
17.3782768150397
18.6902401503143
16.9435218359915
15.6369725562756
18.7139452494599
18.4449479827395
17.415843259182
16.2926858254522
9.19310391580566
14.6564210675781
18.858619191114
7.04893306729427
9.04299262106525
16.7483934545
17.1950521311956
17.8680271082066
16.4862254216495
18.0614159450002
16.11650395281
17.627956305383
17.6890587597643
16.7423091710636
17.0956255430424
19.2599939141592
18.6250541051429
14.2207084216517
18.157828353902
12.9705009643027
17.3439924504876
18.2064054346296
18.1568777862773
16.6502536626849
16.0375253281845
17.382220263622
16.5604705313941
14.7456153708172
18.0361246494358
16.3120154693274
18.3583405123724
17.0238833503826
12.3472289760879
12.5339371114035
12.3187486858634
14.8271122210324
15.599630751185
17.0178240774685
11.1179645515856
16.9532630189471
16.6958636580339
17.2537468070073
17.1265247853038
14.8932656224769
14.1368441067904
15.6812314170117
16.3008470834273
16.0060189359094
17.0541567219516
17.2954567292665
15.1201407002606
18.1764225799665
17.1463651984386
17.6937455487297
16.966568422493
17.1339706233141
19.4419487644402
14.4912608463624
16.8921424321293
14.5817605368374
18.3236323107896
19.514146724354
16.4790505988153
15.2319231033373
15.9551797697444
35.7205574995147
41.681530255808
39.4780525549885
42.850185410324
37.6338239244792
37.6232096709001
41.6444133473846
45.6112043033572
37.7808060980031
48.847730539363
37.0528049642927
37.9668460656848
41.1495195800482
26.2955039912245
41.7875275885258
36.9441618540948
42.2397595596135
42.8449685782028
26.2341649067917
45.4611182382021
34.0218045043892
38.614600521256
37.3259571167452
37.8581039119851
39.3511779893134
39.8843889715092
31.7749642419289
32.9325440395147
44.4092191854689
41.0724243484049
45.4131702726875
40.8473468095831
44.9829264141185
37.0761302465303
42.6475810733277
45.7577386410707
39.9106730115509
39.8393674933335
39.3393735371467
43.4446174954326
38.4074401155465
44.1458719004695
32.7622480361511
36.3821773235131
41.9791020640701
39.7700313345154
41.6532330398634
43.4652354033712
42.7198708574073
43.9384686671149
37.4030731845874
46.6038390898853
34.2112361387309
43.0916475060568
39.5449748980133
46.1191173573205
43.2898513498996
44.5630195834359
45.4330012352043
38.4502349605754
43.9398890790626
43.4116173593033
41.0325615265627
44.3870930168088
41.1887570398778
43.9578298390107
40.2474065318672
39.5058066856214
44.628075407224
41.1728823365459
43.6103434901198
41.0400315752984
38.4877786479938
36.2574078186703
46.1136331425669
42.0949859747612
37.5592949154812
41.6631117836351
38.4098677350703
46.0704435237086
31.5357494561418
46.0455090399949
46.6287445093078
33.0996618535357
31.6538351032338
43.8788477475147
42.4658225471592
40.7793408597881
42.9294450655069
44.6427648754806
43.0571806977574
45.0388853301849
39.6947082947704
42.7148401833609
28.4116178406635
42.5204982210527
42.7167348374287
40.3642392406024
45.3167623407445
36.7421411212373
30.5656010360419
30.2951583957632
34.0112766780873
47.7682107525921
38.6330146909563
42.7217467706117
28.9348521974133
38.2270294971783
31.6073732471854
32.2117590879373
42.9308896912994
37.0656616855853
41.460746036721
41.018385231228
45.0144409882859
39.541975572067
29.4607742811244
41.3014407219182
43.3598794013846
37.8453419145849
32.0746613480361
42.52069651265
43.0636414892248
41.1257843570042
38.7209123982738
35.5407273142542
36.8191567788974
37.4270265841868
35.6813138932958
38.920512981978
35.261594862825
38.5854339958241
35.1508440257307
36.0130509056814
35.8702288821181
34.5318333511556
36.4001721807723
34.4150028919884
34.1374549087243
35.0990085671497
34.1711149168546
35.9648791530313
35.8983836350967
35.0712013220876
35.3094584813912
34.2283126992951
34.8007986407031
37.3146091263977
35.4534117926717
36.2927623214525
36.006529400578
36.5635609563708
38.973920032311
35.8974314891979
35.7849110403559
35.1738234125902
36.7048725840379
35.9185004437006
38.5548760192289
35.6195027866727
33.7818787673197
38.0700960262816
36.4325882478258
34.4714846590697
34.5450059520546
34.9010138363514
35.9159563165288
33.890964336065
34.0349240634493
33.763529738574
33.2287722970137
34.1205615144725
35.8639472476098
33.0984369494954
34.431720608939
35.7597832057236
29.7948861260574
36.8762732906482
36.5181753980968
33.3846243063802
35.072038069019
37.183628239263
33.8344359054229
35.7238645496511
35.6067194608919
34.0523612939866
36.366870290661
29.9003367582068
37.9940370843861
36.2970269077673
35.1593406872807
34.0787726531975
35.5817210208785
36.2811837080043
34.799856340268
35.5416477071735
34.7473278906523
35.3885263216979
33.7981479249471
35.9159271753973
34.1843292712635
35.6494009229516
36.3569596177927
35.1599865034039
35.3985681091799
30.2535533607373
36.6646585373549
31.1938990051356
36.3600497711077
38.4514135879578
36.4351361546096
36.4696436405594
35.8837000299168
35.6391972040756
38.8335062620235
35.4391736259995
30.0380489675037
36.6027439420068
36.5061711908531
37.2303376362882
34.497507054195
34.7325898872996
31.4570301699836
32.519404995664
34.8245126621858
35.9598072929078
35.8613803525016
36.0086514664949
35.472629109282
35.6728626723759
36.391900749665
36.4780902785161
37.2480332524029
34.9006253862201
35.3593673687571
35.2437284893188
37.0860327527539
34.2887856552447
36.0455889664311
35.0633441355561
35.1789444303316
34.9078947919577
37.6080748894587
35.0433243318445
36.4040186679913
34.8797586993654
35.2574749189264
27.8931589095054
35.3138476307051
35.0898461610951
35.8978561093395
31.8263022970291
39.6721836785176
35.4392496508245
33.8551329358662
33.680325278515
36.6478402441271
36.1687672949219
36.1463279426399
35.965188949128
37.5683627742376
34.6618775074181
37.3113976891759
35.79768428389
34.5235605465939
35.355056634418
36.9158650644374
38.1941668178388
35.6048823731801
33.0464748016018
35.8927397458856
32.5741667315728
36.294611079544
36.8529177195278
36.253055249035
34.4847349383354
34.0393082347257
34.6816318546478
34.4367346163031
33.051512219318
34.0711904506441
36.7927882245345
35.6912570655717
35.0608357093593
36.5872275386035
35.7583205432368
34.1816854437819
35.086599621546
36.3183501133226
34.487473393633
36.3924656673342
36.3715497509265
36.3181225300054
32.1906032037345
36.1371979741748
36.4092908765348
34.4166686282532
37.6456915242334
36.4240242389314
34.9251481744749
36.0886536091634
35.9324977818308
36.6537477150291
36.0463828877119
35.4897097385017
33.4000928634519
34.5474522464878
34.0230050256831
35.6870192698202
35.2948814952342
36.0703945762531
36.5977277666394
33.9510475292476
35.9279508251559
34.8177391322465
30.2423182689445
36.6970101200507
35.9782515376438
38.557949704127
33.991452058165
35.6155005314922
34.329947649014
35.2360991961037
34.9501501013015
34.3365959731861
35.766001522382
33.8332074952017
31.1078487393143
35.5658165673339
36.5236503306771
36.0631810248261
34.6732187609096
34.9196821094901
34.3656918503924
35.0271299305885
35.505687437534
34.959483817848
34.7755300485204
35.4942766098734
36.1791195851461
37.0303259689727
33.8480998006662
34.7446861722352
36.5880663242937
34.0863819716161
36.369161790362
35.6168060401858
33.4645728356238
34.5933860346328
37.5444889746937
30.9165138928342
36.4825654088058
38.3668574955799
36.2806230593286
33.3610171923066
33.7834306251765
35.0533757125185
34.8445855399937
36.2075819456831
36.7541505230296
37.0422936542248
35.4081918282596
35.3421580331329
33.8291139599667
33.3685897523241
35.4537193621934
36.0537126890818
37.3030401137973
37.5328264654598
37.1555262154314
37.1540134479353
35.3292887466476
33.9041289095519
32.6744072665146
34.3777843063303
33.5036112479797
37.4828595935766
34.3989574372697
35.459712527002
29.6736606588479
33.6210065650193
34.3925806303383
36.2204230580461
33.2410468911702
32.2455652740388
31.4945290713293
25.2345888940012
35.9745807907631
35.0650322115357
32.461175229124
34.4029331307196
35.6852952541236
33.4855610843932
33.8089090883916
33.9029489517845
34.4546156708236
36.4991980690115
34.286124000825
33.7068774525826
36.1855058813794
32.3866932143199
33.0609234392733
33.8177856834336
32.7693320433024
32.0790497689726
27.9552068765721
33.8312756362178
32.191133625199
34.4041667516535
34.6813446173631
31.0063730747518
35.6292878092734
33.2222042216677
28.9767855209046
36.4299690379945
33.7394498487064
36.9242171024314
34.4340124151487
34.3105989453936
35.1952705979136
35.0985456150961
35.3523146564399
33.9089099797545
36.4823129195825
32.4057277473785
32.8458269002811
34.6758961485426
32.6915139135617
33.4322628843653
32.1058421495713
34.4478452057448
31.9926061261872
31.5313683417599
31.9125919073245
32.6149949572973
39.668474855336
36.1500289918462
36.3261703635057
34.3903430536339
34.6905259158019
38.6445066460968
36.8987214204623
34.1974463914179
35.377855053271
35.3287278768453
35.8876119147398
35.3959900287388
38.4505475945128
35.7433962221813
35.3777679842078
27.9121593504185
32.4463797719977
38.2377659232181
34.0172962686142
32.3811665493476
37.7840071622702
36.1621992163141
34.8935411296625
36.3349464888914
34.4238682979726
33.519598187324
33.5161129970826
32.1060061544236
35.7248832451585
38.4489540465279
31.6828480735729
36.3223155675969
31.7131562112101
34.1980844806119
34.0671644092176
34.6528145433172
33.094677301894
33.6836887001989
33.1595863442216
36.3815181621308
34.5081631957779
33.9940146825561
37.5728527807982
36.4034811053922
32.2012070225866
34.350150853162
31.3312947775028
36.6817528089607
34.333710956574
31.3917267771142
34.4390711001444
30.1967749948138
38.1940538169675
29.5817733122815
29.1270214196668
35.95423072505
33.6620206440759
33.4126515586946
35.7888447486072
32.227092863757
35.2200335502531
33.4225986506995
30.1397525613731
31.2854874022295
29.7610584365843
38.7935449190632
34.4417491981841
35.1967299986496
37.2282815032704
38.55329964738
35.4924965214581
36.174589958566
36.8340945732635
35.9146268328121
28.9888299956316
34.1660320792687
29.1896091417332
36.1172112725161
35.9229450114403
33.8186230891741
34.2011866996138
37.2487050203586
34.173307941976
33.2340673165478
37.5002479768797
34.5112073567912
35.0070222568891
34.6935397207758
33.4506544811139
29.9078695584284
36.4835109731289
36.6421206283718
35.2623707849826
33.7240529546783
31.6027653783038
36.4125246985186
35.6493307918866
34.5482657100275
33.028160580192
37.1154789210551
30.8668472865358
36.471304214218
37.103995781458
38.4442317217444
31.6276025846878
36.4483674067577
36.5090945631371
35.3509948744625
32.4873593784332
37.1597747291403
34.5688694380077
31.6162190189442
36.1162156742083
35.5799438665789
33.9987676115579
31.644822215843
33.0239501200356
38.9208009971147
32.9748610816789
38.7751718435719
35.450400278887
34.9844263369136
36.3307696246276
35.2690120597134
35.9484616393214
37.0662030882722
33.8110887821319
34.0662913785064
36.9189265158193
36.5104686711289
33.9161338577201
36.1401550020703
36.8240902053449
37.4632830573904
29.2801530090804
37.0204619311468
35.0169953515167
32.9869172034286
35.0038454761518
36.3146254076271
36.5377569947907
33.9994790211301
35.185560530816
36.1485500624943
34.5275795839628
33.5889474052233
36.2268385637936
38.1760781489327
32.0898888658501
34.3666234756402
33.3811850952252
35.2594039737043
31.3177085497684
36.394299648257
36.7175588035985
34.968289867344
37.9049026718025
34.205074946206
34.228247168034
36.9991655118296
37.3270842035413
34.8040332106105
33.5975412451142
36.7988267287339
35.9265942966128
36.5734551546856
34.9668484667685
37.1578216564085
36.1520499046323
37.5642714707397
31.1693584698076
36.0080072412761
34.1301609031553
32.2885912939399
36.0395628313501
36.5863855321561
32.9105796893145
35.1422045581773
34.3865257658012
35.3192632189056
33.6917862285942
36.0826930267617
35.2380889513587
35.000347930375
32.7885106892525
36.5097651319117
35.3012431794806
40.4318072665796
36.464340943905
31.3387260570492
30.4970864393444
28.9131010673872
36.8179245892672
33.9553698023677
38.3166315439216
32.3699461311515
36.5829313210154
30.0368742084827
35.4222313191158
37.1186193989661
30.5848081852219
32.5943893609871
34.844419302535
37.0269991761292
35.7023529457761
36.8053415754102
34.4342318507931
35.9783464685059
35.8694665526972
35.773386653185
35.784002794336
33.6245983291513
36.1280344145657
35.2499968529862
37.1626391812935
34.8749281276242
35.9224148776648
35.2012144830196
34.8456704814649
35.2049912295841
37.9149728872151
35.1730178804376
34.9488650587006
36.7133732119579
30.9945263979789
34.321229862761
34.125096524822
35.8235051994126
35.6165078050907
36.1702084141084
25.7486459593948
39.3967627118314
35.4873049988058
33.3454920473347
32.86179654682
35.5332060454422
35.9537841563828
37.1745383535369
31.4870980874345
31.6232227723681
34.8365006808703
31.8270045327774
32.5843284133224
34.504379284529
30.7227269152506
34.3170969814365
35.9409897090754
36.8972427469966
34.3018654595576
33.0330120297099
26.7788602468353
34.0987871453621
35.4746886206561
36.0153776057454
34.8410724437674
38.3421457966245
34.2002169607419
38.0985451379983
35.4174068434306
34.736750149366
35.5491267205772
34.0059736069594
31.3246844543197
34.1539254123698
35.9348663136183
33.8753741601046
36.0885085572818
35.6917098067554
36.0535421447779
34.8239714480431
35.108425675543
36.2104165278916
32.630697094064
35.5378135825985
36.5800831721344
35.8621763389374
37.6440965023566
32.0068273504509
36.8835399422454
34.5159389556737
34.4050978657212
36.4919256777705
33.6095032742102
30.4626453595064
36.1229632097139
36.2398991290171
35.7915019436893
38.2869569995579
36.4979105317754
41.8416455938633
41.5125225867913
39.7309194791248
42.9350887563941
40.4055237565132
37.7247465014392
42.0559531889797
41.0444059608844
41.1457560507624
42.4977606146666
41.7407166142465
35.7870632855597
40.8435612207509
37.62531935018
38.9164228478934
42.0086554794992
40.0044245752378
33.5699989892305
38.3161800113486
43.8889756557115
42.45303813593
41.270791836538
39.4977074208469
36.6058683878158
37.4534411154698
40.1429928776287
38.9054456247203
42.6376006462643
32.0687915263462
37.1052420326993
42.0975837245346
38.8894108776121
31.3263667488489
42.2973557014467
43.0929352884149
39.3487600708131
40.5745444349409
43.0090703084718
39.9692584266649
39.3962407174268
40.1385323360837
41.619798579992
41.4854429765975
43.9604203024669
28.6219247707196
36.8875604002754
32.0644085521049
39.3654202675797
33.2166601252354
42.0249951904318
42.5249349530252
42.1415357603145
32.8943459614131
41.4533356645545
37.0134838429262
39.7712065160285
39.3470531003133
39.9679471275773
45.0057193900996
40.7571261296169
41.9191694062808
41.4821441221154
39.853865043042
37.4672638467862
38.0567597485383
41.498488763808
40.908466360045
40.978318467718
39.3855684836574
37.7180175584745
43.8768579924108
42.2511249999495
40.3343590743506
40.3043600099095
40.8990560585504
41.1807175563586
40.7274710316141
40.8514440105174
34.7516888208658
38.1586431234929
36.5894014225533
40.6779285597914
30.4935343637739
37.4510734137725
41.2783823042598
43.7624923937551
42.9688711605401
40.0652136367609
32.9110523833324
40.5235411561283
33.8548062863107
39.9282435385613
37.9245132156824
42.5045410759704
40.9270413806404
35.3632162740214
38.2650200880668
42.7755726872022
41.1968571292757
31.5819239799765
41.8481731119809
39.583945767075
35.1466907631134
41.8383871873325
33.8103624892818
41.5258748611126
42.1490705154564
41.4491533145996
38.1517855751404
40.0092321050637
31.7620892975494
40.5439422143226
41.4095854651596
38.6490550434411
40.874822748046
37.7711753429712
42.6137248773585
40.949806799762
40.0955097641483
39.942954946095
41.0732758711307
41.7050211711034
27.3282531134342
41.9899415811521
41.5617616944194
41.3086419947341
42.2124693397969
39.6634701409707
39.2203372450619
37.8146266940286
40.0982675661392
32.5616618443701
43.6951045340852
31.0230600722489
39.7597360919365
41.9237884913604
43.0868351411594
39.6287080723985
37.6922638907053
42.2836998114525
39.8002324001366
36.3454739891795
30.640157449613
41.2544733590068
41.575380774193
42.54585714932
41.2695971930079
27.1892832109143
39.3365563902506
31.5459960777116
39.9490017927917
42.643071140004
40.1536892590021
39.3168951414933
40.1518499493846
42.6346179343564
44.4619188963397
41.2723004392169
41.9295805972785
36.9624568360051
46.7972400252723
39.5981020027236
42.6407314973057
31.7466676236609
41.2617895381057
44.9660114030574
41.6392394104002
40.5983467644067
39.9572505757618
42.2253374125364
39.4238002382329
43.2240644095548
40.7272047269292
42.2638101765163
43.3471954360988
33.9283535160114
42.4978891647422
41.0135509052681
41.547934223304
40.9024766046623
41.1294052710613
38.0625597645332
39.8688810167082
41.8570020051314
43.304999516924
41.6336452065536
39.9977233126605
37.4567916900918
32.3378164747546
43.6797818773639
38.0757517455931
41.6307959284356
40.9786163113268
39.3841085965606
40.7182075212483
41.3675124471335
39.9410094998044
41.379601359172
42.9586234589688
42.2963218604043
36.6661921546479
38.5046995023001
42.0282718954846
41.2273200314805
38.2098707180231
41.3043021766708
41.8616589500614
39.3824540641637
43.2949512729932
43.6083200239232
37.5575486123853
43.139839194419
39.7641511155955
43.1066498143542
36.109439788182
39.3486200255242
42.4835648550537
38.3399739593505
41.352321238951
39.8929094091042
36.9517598923165
39.1439080527708
40.0005092976862
37.000562836289
41.9730263277204
40.1135797517355
38.8958099634606
37.6548137785777
39.606898782506
40.6536305058738
37.1800370623014
38.5657056970548
40.1082840231884
40.000433458295
42.2133352861184
41.3638997722078
40.4952790512331
30.3100175103922
39.541353323219
39.7169338408354
40.6934797948166
42.8900654434243
40.0042668091424
40.2084954726206
42.2437280420405
39.1718689960776
37.7551280027569
40.0013358301595
36.6010701726853
40.4311006522167
42.6999656413643
46.8171799426086
40.5209470198523
39.0172464136246
40.5438308451172
41.1108384155934
38.7510494531104
38.5234118489285
41.4539408124315
39.5720259273148
43.6279940849441
41.5580914144373
41.1703204769954
46.3719537370747
45.1986182071786
39.7221734892516
41.6329103262756
37.5189572358975
33.7905511212037
39.1137490808289
39.2015313769118
40.7594906343627
41.2530145837706
44.769354043014
40.6389647649527
35.334216034799
41.7695349560504
41.7878288717435
40.1384078177175
41.3720123963787
38.8334509972713
41.4941064266155
40.523017153219
39.7686043111881
41.2333019974504
39.1119480256794
41.8646719475456
40.4979453962135
40.5660232597517
37.1015946970492
42.0729784691511
42.0192151819518
39.30231692814
41.7202929521173
38.5082312267459
40.067768014447
38.285562408013
38.3418463652278
43.9897025884473
41.0621884359164
37.0570489139758
40.3138076551445
32.4975816893926
38.2137609271257
40.7466614383068
39.4001441421018
39.6968993809948
39.6734636328107
40.8675916136244
41.8499484535821
32.1617138964644
38.430356297849
40.6899351302843
38.4388437707671
38.5167563938588
40.2031920266722
40.0632142988504
40.9967828626103
37.7343662887677
41.1644468335151
40.1057867835672
36.9417735539714
41.401349898767
39.6882511943919
37.4565338988001
37.7518102276321
34.7518012262658
35.4580165701124
37.1509388668155
37.2214096242214
36.2590217609051
35.2403436388902
36.6429442008711
36.0185170192451
34.861578179903
36.9065748345153
37.8993867260943
39.5338407885132
38.5732150350829
38.278779903098
36.8110521986198
37.1877390367822
34.3360192034054
34.4802097087649
40.9347476855314
33.7496145129592
39.4441607783744
39.6753470587994
37.9652280413734
36.172453688788
36.0959032011475
35.6077485815248
37.4660063261571
37.973507848834
37.4780002962809
37.3661502832815
34.2333218269757
34.9403566544356
37.7041817010659
37.067304473693
34.4349426278748
38.2032532738888
37.6569926626287
37.0018209570174
38.3219034483287
35.3136084823627
35.4693027175425
37.3607789203445
36.4662480484509
37.2717576946437
33.6151816070043
37.0302059017698
37.5654001185569
36.9866819754944
37.8566736340557
37.1151665770833
34.6017126623283
36.072184533216
39.8712127323459
33.7442550547454
38.7035718763051
36.1464362990882
38.2899191439506
36.8453714545419
36.5611922575334
37.1838925421043
33.6735137762223
34.9053710196826
37.6974650378804
37.651454881847
33.9420836778993
33.1878754219062
36.9122208916461
34.4075702724248
35.3905744356049
39.9882711305317
34.6830654927842
35.5664084515657
43.0113131191975
37.8646980148455
37.4250149738275
37.8463388137929
31.7138063951991
36.1339434570945
38.786817404654
37.6982849886226
37.1152983499195
34.4876536448311
27.8355578939909
31.8897159455479
38.7426566293098
35.987988284512
37.694554846369
31.732977854046
34.3991986009412
30.3311529011889
40.9465945008544
34.3729043676907
35.6221680239043
37.2147014697416
35.9718486986774
33.897972174946
38.0335243855049
31.6572345457543
35.3745257406615
37.5455737389416
36.1909703051225
37.121262294113
39.5817238117353
35.0854157451993
37.5213247541227
34.6780890747803
38.3677567108679
34.4231892421012
31.8327950464484
34.3468233935273
34.3668942416914
35.0379546138105
38.5049056614476
40.9613119889292
34.698119866504
39.1494628892205
33.6506669204434
35.7491900635455
37.5795887698535
38.9721706627142
35.6024254503444
32.0356462327104
35.3647473769629
36.174391728226
36.8816544111487
36.4090829256587
35.9131867718149
32.7151766861895
32.9457446829406
34.5711052370503
32.104988066999
36.7429963764176
38.2487774280158
36.5073088771495
40.2666771780338
36.8369986793014
36.1105526342843
35.8501902445765
37.6351532389371
35.4055381290461
32.4493754352276
41.1183439433468
38.8908454388099
37.2872026990946
34.1226290673449
38.1492355696618
37.6188394310292
34.6599764906037
35.2796647342917
39.4333208474328
37.7041531214013
38.971934126678
36.5142676294977
36.5894940261024
37.6965528780523
35.6654684169389
31.0993509135349
40.971952722905
36.83123525828
34.1006920584707
29.2754278888611
29.8243313828901
29.2802535347936
29.2903294973162
28.4469554494382
23.436179676482
30.6381870779429
27.9074916897601
24.7750254292373
25.4763550622305
35.1667401222066
26.3627874785331
27.1294040284092
25.5197355846209
26.9944632644124
25.3778856119339
26.7512231407384
38.34637293961
25.5572586879233
30.2343535598365
30.9241862003435
27.2027827979291
25.8637266638179
31.4268854126371
35.3178114061821
40.6271121137549
30.1981772317581
28.7487917933856
28.9302845540402
40.7272151118201
37.9599926888967
38.6896408576009
38.0251020458239
37.9968929268459
37.814573490808
38.0109094551535
37.6032024621595
38.6629117070751
41.3757879291576
38.2763894020416
30.9324462008723
39.8368447427956
40.0158172268527
31.6145296290579
37.9851296406153
26.4822957139207
32.1217539455238
29.8997912613464
29.5844670353091
29.4302403540486
27.3182856475671
39.0467150241214
34.0893124444746
39.5608455831547
38.4080047127818
39.0235575907712
29.0200715275957
36.6752536959672
29.0255899419894
30.40598527157
30.2134212370394
30.8829258702329
24.8969802701441
35.2508898380135
33.0128554981809
30.0680989459737
28.6735720305655
28.0331668535679
28.9855701857347
28.6699707735199
29.3531621152203
27.3018621402888
24.9614016971784
29.0747559987332
31.3825882432496
30.6128006271902
30.8105522503387
28.8952588065902
30.2574001218724
29.3484161171604
25.4234575035848
28.1837916640691
38.3196560493158
33.0128554981809
25.5286471799078
31.1061604978846
26.1149606952469
29.1397503677843
27.2628687422805
36.3553344654556
26.4073231828001
25.8641447644666
32.7184973194637
30.9477947737518
29.2953920259725
29.9830981129765
26.9390347139222
27.346358608083
37.9719213765737
25.6078119712239
30.9328855119349
33.5270766466751
40.1405354195202
27.4926781376696
28.2612129282382
29.3075031089043
27.2032099064179
27.5813964945206
29.8118359587228
32.2305576716139
26.700390742254
28.9244380451336
24.5742515301066
29.4240597812785
27.0314814274744
29.7544092679577
29.9636746157057
29.8120314489289
29.6326218227121
29.6227321439188
33.4719326640004
39.9799649430769
27.4603032105199
24.7430556535256
18.3826990530342
31.119028320418
29.2080446933108
26.4822390901157
38.4437783377597
29.009376032006
33.2499617438916
35.8394930375686
27.7363658210541
22.0043445525865
32.9343338947457
25.9331313656407
32.2305576716139
34.4627983941988
29.9851984298965
35.1755720429827
30.6421334846323
24.6132587222027
28.0604992555129
28.1140853819062
27.6681141102913
32.6507954731566
27.0747656609464
37.639675503287
26.2298075455861
28.1303250020605
29.8936860005967
31.6012109788859
30.0787404885535
30.4426846495737
32.9145832694869
29.7245136405884
26.9992234021508
30.282303147016
35.7482381657177
22.6991297394171
27.061664381257
25.1560924361428
31.0740770951832
25.30073725724
36.2711020094216
28.2701182141373
31.3219333265744
25.7399810322394
29.9594911839982
29.0222224928115
30.3224906016297
29.6552294284473
29.8008515932098
34.8828974283242
25.3971840365886
28.4943381526118
25.559550031625
33.4585726873937
28.8123198644425
25.1990999690433
27.7244610534947
24.1800223073895
30.9516254380107
29.4212534083729
27.9498344487769
28.1140853819062
28.3492674605829
29.5215482287144
29.4058784887588
25.3196624875505
31.3219333265744
30.2533355505837
31.1059299667256
25.3328976235706
25.0609272979675
28.5037233685424
24.0100330671252
29.7892895372783
32.2562829310592
29.9394078704992
30.4080849959281
30.6983215908846
29.1091151582981
31.7044885819295
29.4459568502994
29.8110535836396
24.252341930264
28.0670952617334
37.8628585562465
30.0606183761332
27.6320057979317
25.8893174324185
29.4055320181582
27.8756225493565
27.330760603217
28.7418452431787
26.9072328735862
28.6826761197474
38.0235825797153
26.0943210410589
30.0544298400921
25.1382041639613
27.8556194584924
30.0557062175673
25.0641511791862
27.566650869739
29.2539380651928
27.0454803129935
29.3331651679545
31.3208008146942
29.5555754529392
30.7894897561916
31.0275504212508
37.6169725184778
30.6287341656897
28.5191616953647
28.8455978775424
23.0509710906969
27.1585387968651
29.6042692360941
27.4620027856945
27.2459230412527
25.2137888597261
40.0981342540523
44.9829844595649
45.0859280577034
42.350884413007
41.2269034978603
45.1606218167631
52.4341458646899
44.3921586576074
43.7990371489218
44.6101718733507
39.8161127989349
45.3373792840755
41.2825229034416
42.0941249681993
42.5614802947891
38.9724819563347
50.4447517373808
49.1830940003386
44.0075647200686
38.9750084193113
51.4349144879053
44.7273094834247
43.3884388870931
43.6249935950367
48.2426745958691
50.0023904652452
49.4188715976469
40.9633198999874
43.7939719073604
40.2282757355728
48.6979624364035
45.2931827979745
39.6653060947258
45.789217172209
44.5400662823065
46.8494777774607
44.8075361285076
45.2443510527514
43.8872676945952
45.1111966755704
48.5692983571752
46.5163507345467
39.4754851945448
43.7925447750369
43.8355629639263
43.1216821340168
45.2589114797142
47.1379991258059
41.873249102021
46.2628337586541
45.5530654806468
40.5368600543956
48.6327935670178
42.6270175995939
47.368112796009
38.9834670113714
41.2442573613998
45.7445653535698
44.7541982606452
45.152770531302
46.8352850195346
41.8348885653789
42.9438176851017
45.2146719332437
38.5845887114268
44.3572530649788
50.5907189543185
44.1113729459764
37.5374946871506
36.6103253346259
36.4877750900111
36.4721105357091
33.4215312727564
30.3210413832866
32.94259708215
38.0192258262343
40.1514399637966
40.4619217780112
39.1167619048139
36.1326764680633
35.4710528808696
34.8452408833515
37.7655571153263
34.5625120936917
34.1456401792671
36.4243621426223
35.261435324279
37.8105881851119
37.799669882742
34.4314352869722
34.8330481945765
32.9921967038463
33.5242399497097
34.9012931279294
34.1305158329087
28.7759126817615
34.0618900886928
36.316168232881
37.9628700531492
32.6680614289162
36.1903720972465
39.9860015577906
35.5927237333661
33.9401542967891
25.2494995386889
37.6513596174219
36.4703897569371
35.5120859074325
36.269377096315
34.5276101643711
37.3574412221752
35.2371896842157
31.3960509566758
37.4570414755359
35.1681153408414
34.7064562240601
35.1840119910952
30.1288609032949
33.982920692418
37.1238537876248
36.9032124837726
36.4485019597045
35.983977882858
36.102308967236
35.0995374248808
39.0966896396905
37.0433924756381
37.8066856371252
35.8791267037437
37.2242118344179
36.3172978005568
38.6337362950438
40.5588238756788
37.1661967310954
36.9499099499005
36.3733409250721
33.5596349139388
34.2764155907133
36.8358456992419
25.178073815138
34.3423415716354
32.4102936440955
33.8399474574287
36.2474396839177
37.560377849416
34.9281499077059
38.8487358428013
35.5153939799263
37.3163414623501
35.3706951493755
38.9922027597492
39.5574627240997
34.0368938009298
31.9879665439323
31.9246155549248
38.9387656290192
35.6688677621762
36.7385281660837
37.1799596861981
25.3326412390467
27.2803766020175
38.1364334714974
36.8518880432091
36.4765495548903
34.1495294972962
33.1880046480391
37.2539498780804
30.7562372230745
29.6205509468936
36.9296701218365
37.6363668534507
36.8369081288523
38.2956369940809
36.9043367844727
38.9629297086108
37.3304835300488
37.5811364593404
36.8771740520441
36.6286786956574
31.9490978752672
34.0920762337152
35.8113758662589
34.5126683675579
36.8349097619978
32.5283966632704
39.3530754161978
34.8238118245333
38.1636396669486
45.2034367289918
30.5279481032416
26.7302891122452
38.159792383808
33.7501846851291
26.4276186389698
29.0708615568231
38.4897765057163
36.1684846389213
31.3577505217064
39.9260890409126
36.5393699638453
32.9052547577787
37.0116498831526
38.0552008478922
34.6803233898468
38.0582845613151
38.402390329684
36.5914150559987
33.0970943002757
27.4930676977485
34.4162701844928
32.0318318196121
39.562235651041
33.5044083139195
29.9480669949828
31.7789964439535
33.9925577047839
32.3407767179325
37.6534224436748
36.4659969014826
34.4409336309462
30.1443413258844
32.3776379757014
31.7293869748456
32.2152593407737
38.2513165771816
34.8974435518145
37.5898721275644
39.8663858945313
35.8715033316247
34.1981272745913
30.6127224410871
33.9901317593995
36.0909801685802
33.3402436163493
35.0443349297917
44.0611505269029
35.1149869383035
36.8799461948473
33.8690604243196
35.5130969703111
35.0139771728233
38.3236174761999
37.855247688151
32.6075041943279
31.6141629869706
35.9866502495931
36.1265360972461
32.0499167121581
40.0464206931987
37.5636667274255
35.8611862070447
31.4715016981641
35.771200672869
37.2815842365782
34.450199260624
33.9888539799066
33.238761465917
34.3882691027768
37.8299680534609
32.18014254111
36.7514197981163
37.4129545889412
36.9390063684668
38.2697319808619
34.4385613199984
31.3334833126982
36.3958061336935
29.4431055921071
37.3249562732631
37.0641850263611
34.5051902023599
35.0207979814146
37.2062366772439
40.2800765256451
38.1082429067389
34.6849300497405
35.8362321484379
41.4329853849851
35.1453898670495
31.2471795003653
43.4037499069841
38.6390237614426
39.712689185627
40.2116421599266
37.6707262530505
40.0885399560828
36.2440619301036
39.4920161027121
41.4827897855872
40.9815572949511
40.6197757246347
39.8789806669536
37.1187999397143
36.82615057549
37.301372863247
44.1104348704392
41.5512602681968
40.4022760428965
37.5513984147805
42.3027723861298
34.6548615628541
39.6329954826366
42.2584599891915
37.9774881003474
41.8960888444958
39.2474401913526
39.7043714753931
37.7575393955919
41.6080030316088
35.6226309798597
42.4757587271453
40.9805153269565
40.2439979935043
38.7896824080975
38.5476526310236
39.3577037819392
39.7077046509231
46.7820930370851
36.4350602085967
41.0138074340904
35.5442899597216
35.1564604402608
37.5816722536703
40.4675151296286
41.1619911351773
32.7661033580785
41.5586700380714
38.836527581073
35.3616464695639
33.2031227449371
37.032714409429
41.5327949042311
39.3579175245157
38.9094164482548
41.6654876230353
40.2212811547708
37.18743131153
41.213649185319
37.986000694712
47.9513708151234
39.5432316854763
44.8267273762264
40.4012243340929
41.4240900070652
46.7851032209846
33.6795662413805
39.0612059433533
40.0852929405987
38.2667888444673
39.126849822229
32.2559246916371
43.4497116774544
38.143413254586
36.9375723198088
40.1675252565631
38.6366727904439
40.3001112206712
33.3047173300253
36.4475364103343
44.7129628404972
41.1805698232885
38.1163404417776
36.4159543874358
37.402362467593
38.1775583302529
33.6626253319861
37.6246780182681
38.4080686835423
40.0951205264045
38.3595022937889
33.9548955764398
34.8218570390575
38.9011824252137
36.6204119247575
33.3692470396486
38.1671425975401
40.7912381944071
41.3069361435183
38.8016769403878
43.0191258461706
31.1145888174588
38.4513430591008
37.5302763488061
39.3493756702554
38.2175718324952
47.4332941628989
44.9805345920552
43.4111363845369
40.272962781684
40.7820987458476
28.3773379024691
37.9041814424436
38.1960055571557
38.4191425144115
36.1384309253752
38.0943177831137
38.6481624955261
37.3281483729741
39.4333220080872
43.1877937536832
41.0572721779196
37.1851045631277
38.6598456388662
40.7267713268766
39.5068633522889
39.1554610808447
34.9227435272333
36.3055371918115
38.2322437060408
40.946231824458
38.7183658757044
36.7949490683684
39.1667763408546
38.3680841374835
38.9936262129974
44.4693175602621
35.8983367707854
37.9601006141814
36.4767260090529
36.5300672472777
36.365811855603
41.3196986730002
40.2960498386214
39.9132589771345
34.1072703638036
31.8969153348909
40.1031335710002
37.4945981482315
40.0121199348958
39.868631093455
38.3700712282789
40.4109060478313
33.5386115479912
40.0167617603238
38.7702909004939
43.5893283357223
40.2624897724363
38.5644495121859
39.8845567848967
39.8553121000422
42.9445970467673
40.0637856668906
40.5827764252899
36.6845766942936
39.6126113498027
39.0708579809188
38.3775192501318
43.2833037688339
45.9756081500105
34.9067387107437
39.3418856283057
37.5579895034508
38.9466949136337
50.3521742532122
36.6884576033183
38.3106117319719
40.0566198660171
37.6786280776144
42.1199997852496
38.6807106219592
41.3882543367433
39.3808248994604
38.550967367116
43.2338369420094
36.7402576814265
36.4104228077284
35.7736460894053
38.0411724431455
43.1267019134169
35.0772001694739
40.3454732202766
35.6918765485106
41.0306190810041
39.2394292224887
40.7602129787254
39.778184705401
38.7215171460894
39.3644567878325
39.0902212423038
38.0374695993631
36.9607837994209
40.3015929560733
34.0569184702455
39.8027559592652
37.1247983772233
35.4180481552475
39.9976996423059
43.8700136025178
36.3186217290477
37.6777041388282
37.1552804958034
37.873886332859
46.1573336379222
39.4967776941019
39.1553362861187
40.6850447672653
38.3882363014369
38.7513862550192
41.0352570612896
39.5874856955386
41.5524880336245
40.8686657590919
39.5343232171398
37.0148184721059
40.1471077110814
45.1417681684774
34.5745234581169
33.3560099912349
37.2567205114793
34.4584081823371
42.1108524449781
41.7431274897409
38.0414748733307
44.5201742348599
37.4684886152363
37.1797153606277
39.5911819361348
42.1694644601819
36.708031937216
29.6233727233155
40.5581183140873
37.7554719432873
35.348332566507
39.3472292863508
39.6164797234627
41.7633099428207
38.2940854628143
41.0308836759101
36.5016953850936
41.4554994398563
40.4563425050139
45.4007770835938
38.4709773973016
36.647629988052
42.4235182601055
37.8129670582273
31.431895159424
37.030550155373
34.2723403185517
37.5030621138192
36.3267901350253
40.4577281614429
36.4279185339834
38.4591634980736
35.8067802153523
38.2623258716903
37.863061436525
44.104762130507
39.1999897787536
31.6174339094572
39.2130170636254
39.0607629649201
35.197161298791
39.6177145365638
33.2643467833816
36.6031534569684
36.6042610799001
36.7007246195277
37.3085992133846
37.5508105307525
37.5546868694704
38.2332388881129
37.3530047633604
34.6329712764377
36.3390570330669
39.540766939054
37.8505126825694
37.4784168695922
33.2297205863066
36.1395267341006
36.5612596031786
38.1162123336883
36.5411012163121
40.0314798474146
36.3897277027669
36.2206638961728
42.109736909152
40.1368977122688
32.0241732187638
37.1986975937242
36.2841893953934
37.7063221195168
36.2654456993621
34.4648596514851
36.178594756062
36.7317114500355
36.4389270983063
36.1335604709484
40.1976616984988
37.8417207375237
37.9016620178977
35.9894409302904
41.7537829146575
37.0640462141077
35.1066024515863
35.8044381392446
40.6864083574754
34.4325337173284
36.6542224102599
35.5838636355
36.8803027323365
37.5556593239688
35.2580257527351
40.1902327569131
38.5259712707129
35.4238211432533
36.1694145912955
36.6299483426048
37.2168827940613
36.883950463188
38.6725021226438
36.1357126163673
38.4572010821341
36.7670527487827
30.4172107140169
38.6846133809078
37.4163093062575
38.3438009071888
35.4425430309051
34.5135067281036
35.6668949695149
36.8412582432656
33.7450634098071
35.2625204952313
35.2559050131739
35.3984183409438
41.9735486657118
36.2120356652372
35.6178879074448
42.092985254539
34.4463720704069
42.3681079001126
29.0323194293987
30.2436611645252
39.1610884332453
34.8801642975288
33.8251728844277
35.5519834892937
39.0735536096237
38.8449699595607
34.914391175836
38.5634925879753
28.1961712194677
37.585002093663
40.3884670919971
36.5378472378991
34.585630293393
34.3787537596146
37.6174588418435
33.335109707649
37.9914710941394
35.400285879549
33.4243379662113
39.3356613765664
34.4550016659445
34.8195832892439
32.8822666830035
36.2450055405492
35.8777057376199
43.6323699987593
32.5981685420096
35.1915803425459
36.0643876406616
34.9395640628971
35.3111667096822
37.916977778668
38.1437237981659
34.6604665526703
33.2038716662615
35.6668165927623
33.6656649227451
35.3669153399517
37.6878984636057
35.1327732229339
37.5317091537678
31.7601533612301
42.9794496208308
32.2259279004025
38.2657499392113
34.8679103369203
36.1544275169086
36.05217252536
38.1992981040762
33.5381680271049
34.8202341110168
35.6566068808339
38.6567666581577
35.0149251671049
36.4329623963543
32.6055359618264
32.0999976154816
28.1559007757305
34.1694459827789
29.6183111410996
34.1734186789244
42.6481233726692
37.5931823030923
40.4863218595927
34.6286629987958
36.362799423401
34.1623578453749
37.5805569818666
37.912699751311
34.2674508831982
32.9086035654774
36.5327392502434
36.9954312087866
39.6010590625648
34.9758450083062
37.7520142811893
32.5464712768542
34.7174902997713
37.0102577431307
36.4120428565027
35.4598269913288
36.7860337022547
34.8993319543695
36.0816149193999
35.5912837371573
32.8898530923901
38.6176307355889
39.8382268127507
37.9106744885227
35.9009662448104
38.2613158389601
39.0611942366852
36.4703849347755
35.5374679828178
28.6964107946627
37.3724133222817
26.7075828565469
35.5759021820773
37.80664309898
25.2657389841053
32.0786601371179
38.1483533304384
39.9796637496883
34.9760306062266
37.5331000198075
37.4597068489911
37.1507867772771
37.9919762446599
38.9247947950805
34.1542997547331
37.4885849830488
36.2910163036768
35.3183105128786
36.4204288458406
34.725529029986
32.210934444086
40.0041839492603
38.1415157963247
43.5038292877929
36.600873883855
30.0318300297751
38.8529574571803
39.1120249977658
35.7771386594064
39.5416548731448
36.1267449630795
30.7742957873049
35.6038240761214
31.2614301074846
33.6795953647737
37.188369631511
33.9165739726862
37.9676136992808
38.6660070403041
36.226509539953
30.6351500645999
38.5353910773414
38.7520122625691
39.156787563256
34.9155909776908
36.0123836836475
26.2651854714906
37.8190466285448
33.9645500802584
36.523354379096
38.2673066081427
33.6682192928996
36.4659552102995
36.5502422440927
34.3001589708871
39.3395586216835
38.1103828128954
35.8493860396352
35.3255068291467
35.1204276329234
36.8290581147842
42.9739154147054
38.3701940209635
38.4060404079103
38.1984111873369
39.4282173657125
37.5719295906129
38.0203703609828
35.4765005650088
36.215372662901
38.3380893112798
28.3339966358356
35.5332563232552
34.5930247780163
34.147891262895
38.0756691570019
36.6862571859509
33.1094065723717
36.2714079639282
37.7049799196709
35.6152536413125
35.9970880412783
36.1542262956426
29.522820363399
38.6572749975807
36.3977084093555
36.6729501587659
35.6062106659288
31.8677835616054
37.2728165251328
37.6809269417077
36.74551616735
34.668102957103
36.507256732676
36.5908731425746
34.0526520845991
40.2525800280831
37.2647729169754
36.5771461828733
35.5491363944275
36.8456683302115
26.0719798805647
34.6576932212722
37.2147921574843
37.769189152275
39.4432480902652
38.7967550366932
36.5003627772837
32.0493068119294
38.6886790817451
37.3363913827718
38.8468980136011
36.1856735873729
38.8017291542592
35.229126129213
35.6392703142037
31.8627103669493
34.1700054151013
35.0832571399533
35.7016675381346
39.6327900782505
26.4857751816626
35.2835282354353
38.870254255522
27.4233509464216
32.5872101949829
38.5952078701583
37.8335923169775
35.7089243522974
34.964959535454
37.2862697066117
36.0409946004796
34.0857240172506
34.4407563584616
36.9050791537568
37.9875528396597
37.3732327279146
37.1355003065563
36.0347376474816
35.2133392977015
39.4117600335047
39.3341065100915
36.163679627214
31.9400538525339
37.3720535048448
38.9023865494381
32.7946640423202
31.8312676414887
38.084157631515
23.9421071699423
29.4374891789513
27.6262997073339
33.5135259922742
39.0790700637641
37.7496808841629
35.6833045952468
38.0360027825872
37.2006214087636
36.0448948305056
35.2837569258658
35.8378059930356
36.5275594569548
33.5750019062319
36.1984663905389
32.6004401572447
35.7842393637007
36.6171486452456
37.4254080530075
34.3832278594095
33.5083076921943
34.5060888822063
36.3172863781218
35.7212430542371
35.3839929310157
35.5211815149903
33.5164450115344
38.0469014452975
35.6311793683188
36.6507375467996
34.4352245341187
30.6606913370043
34.9778507080259
36.200551157868
34.6529255937897
28.0602692285703
37.2437881106053
33.5021735748632
33.5562669215243
36.4270135256163
33.5142367466405
36.515159558971
29.1588301929986
36.0690684889683
37.7644161245736
33.8493779124019
36.9622552534411
36.2397645456683
34.9263201254951
35.898807382586
35.6451898476044
35.1874943109465
34.0625973258104
35.8294018712332
36.4398776078035
37.0146838201251
28.2866975394099
27.5392124575089
32.6972033916089
32.9723570511489
36.7001802542321
36.5020172331676
37.8123485355164
35.2592910230951
30.6020936444444
32.4074700385235
37.2633665984533
36.1652868950696
34.9701054387647
37.6131350128513
31.1913862980462
36.5906647346505
35.7997680518405
32.7341483992701
31.0415946154147
33.7023349351219
29.7660125853833
24.8951331033364
27.0387266470016
29.017318118736
35.3380697610679
34.9282880196248
39.814024954238
37.6392348160752
26.7587958161671
36.7709293546366
37.2048463972026
33.2833367451981
25.4372379560961
32.0981210413372
35.1018610973246
35.0179208380697
34.1829675684759
34.5741879614001
25.7616310710008
31.7283268685083
36.2740216415349
36.3428612687095
37.5857951701461
36.6859911296078
34.0228563519124
35.3249249285525
26.5255246059587
34.6233480865051
33.2998626121731
32.1498648083566
37.4818322406363
35.8128030309137
36.7362395587456
34.8469673769202
30.5213328510571
36.5908672136052
36.6899967284756
29.8988606514391
35.2206138362371
33.0118477637343
34.2027791744874
38.325513235619
35.4836372206807
26.682367460538
35.120542353987
35.7090642495318
35.2263149711705
31.4492416470125
33.8405254084487
27.5297544851579
36.3514228967771
32.6812984712668
36.7309491754074
25.3176114943411
30.8681041433396
29.348613483472
32.1182051091668
29.290906158069
32.6308251321425
32.375401872249
36.5371121877105
26.1610223026196
38.9356713175427
30.2999838986672
32.0942602458623
33.6181300256003
24.9877774919526
35.6675075799029
35.8073230369985
34.3659953794475
37.0885434315519
36.0937417722918
39.236670851162
24.2622728624622
37.2166640840108
35.9844007182932
35.0178945386699
39.0889908660298
36.1962503189012
35.1643544684627
16.8753994015359
34.806968196943
30.6978625406529
28.0058881834015
37.100823252833
34.2018352106557
33.1186788171987
28.8499311672503
37.3541593214436
34.8318407634976
34.2155912276123
36.4895861019493
26.7748506648143
34.2778706868177
35.3503363059309
36.1079172231324
26.061886518366
35.1992870562296
33.3796397303466
32.9713299232812
25.6261354513791
34.9546957564593
37.7278789533156
35.6769900689912
36.681616878246
33.9516916249392
37.5452972611265
38.4668000330326
33.6278231046778
38.1548146610695
34.8376899579927
32.0922908746393
37.3808729682703
29.2857908625306
36.0221897010605
35.408658906327
28.8998156432131
27.1924602662383
35.1147245965396
36.1428561067309
34.9157299951318
27.8821277121435
28.9739966601372
37.1409012369858
34.43932546376
34.795482546632
30.3282082097173
36.8110341108559
36.7602185440768
37.4393056038064
31.6760040148121
39.0261906769596
28.5078415417553
32.6921330967088
33.957978465492
36.0139335895084
25.240813333654
34.8144761398774
37.9351438954958
29.8582342436835
36.3852684512121
34.3299677050966
31.9092255875792
29.2942422106572
34.4797569826619
34.7291278357499
36.823071680924
28.5060661307976
39.0250818053809
36.8230080871446
37.5410649068428
36.3016187659829
25.8344228072813
35.2564337634212
35.7683564865701
34.9056085988213
33.1263561634549
38.417441108484
26.3719165576889
38.0181687154395
36.8641984550897
23.8028838030994
25.6788073935117
36.4097289710844
34.8666463824846
35.9047669135401
28.6227571033781
29.7130713865942
32.1185609757272
35.1038575026643
28.328401140067
27.0151160817862
27.6879999800983
33.6898675985454
35.461972722726
26.7840886155404
28.11635557077
29.2172657811232
34.79987386406
27.9952959829345
32.1956026571581
33.7139743384744
23.2533630544954
27.3519286142164
31.7124619736983
35.8423490193785
29.4147548417658
24.4309355335231
35.1817104898056
28.5098452033526
28.9307920531189
29.1869884791151
27.3530448252728
26.8302290202455
29.4030519128419
30.0661965048618
28.0522498912475
32.1540092022809
28.7068135340108
27.3637157838796
28.371018434301
28.9654409999253
29.1320939520463
27.330960124532
26.617082177222
36.4935210179652
30.4904045335505
35.4464997819063
27.8251281799716
28.0882127236015
25.0585971181041
32.9128344960818
28.9037525595291
36.729484544776
26.6875449974809
27.9310857163164
33.4129465553033
23.3104677762514
28.1073108856499
27.7473475492121
28.6681913197795
38.0055187738162
28.40692245924
28.4769142685743
28.473083424691
24.3846244259138
33.8344389581442
34.6690587681042
26.9539401099893
28.5270127939338
25.1622164615309
34.8442221810621
37.2556351347385
34.6395603568531
29.1577422487746
30.0763516807537
35.7685876174476
29.3641248721656
23.3010036278204
22.7054491385559
24.7639602938718
28.3708525674705
26.404286460018
26.9909522245199
27.8632777992949
26.1312946278531
27.5715608343984
36.7601038279377
29.120920392732
22.4632747316262
28.0853015051481
22.1688588496117
39.2669335749858
25.602224604537
33.7379987173542
29.1520821578454
36.1534017254057
33.3190369028285
28.3788431771033
32.6493469427775
26.8084730593164
35.8560302225202
29.1983059973966
28.0269509146394
27.4126072827216
26.6346219957386
30.5876680166826
28.8896089641048
27.8167284432339
28.389247954903
29.2642604133979
25.8328240747757
35.2187060692473
28.7210307361742
33.2536025580377
37.6219260793101
42.1632236828172
44.2688171878457
33.3852342540973
35.5283331837007
40.5912480556633
35.3216441719705
44.1498454730402
41.4304378616267
40.7962842034744
35.2902773590538
46.1361968926673
39.4699679573683
37.9517933315326
37.4733015797576
37.7462050495031
36.1457860849215
44.2731332993095
40.0460713121735
37.63145707752
36.0933506979601
33.1993590218849
32.5390084326282
33.5844476180112
43.9360781725973
35.5254100138991
32.4661904115999
41.1809881726729
44.504476035282
35.339759211686
33.2504423580373
37.3529440273846
35.2988772773092
43.5418427865191
34.4890536167938
38.7012075428362
33.722698760377
35.05789995672
34.1463422140219
32.2054510053632
37.5063067837094
34.0992859958219
38.5355537777242
40.4501247724449
37.4528804439237
35.8935681248938
34.9073662790292
37.4674773214497
38.6103016723988
43.8920423514597
45.3370337023974
36.1355390523506
35.7167774553875
45.1784313262029
37.3081441074175
34.3124902491684
45.9598527662001
40.5045723101926
36.4143263710781
35.1052325963255
44.8867676844189
39.6885640214521
40.6808059929919
36.7424903447276
43.387889250464
40.5599878304782
35.5934628556873
37.1773212803368
42.0998993380326
39.3854155999647
35.0399345684707
39.1721074488499
41.0932913852053
34.0217683383694
36.8839902599336
33.5097817641119
35.5657475619023
44.4055635400254
35.2193648972926
40.214524915438
39.1309138920746
38.9024980349603
34.9231716685817
43.2050155972054
42.6905597278595
38.6192185008242
40.8707667349444
36.5792539969881
34.6540222065359
31.8878053350138
36.9162295445475
40.7314706803997
34.7003271245152
42.4784853028086
34.4052131758548
34.7952714678176
42.9176466060343
34.5609038057016
34.8298985842302
28.2704420145305
36.0984411967492
38.1102821131059
44.7084485035871
32.1881904699675
45.46484438775
33.0105640307028
35.9750919849605
42.3201257738344
38.5312225325786
40.5596021101301
37.3410160287842
37.7965125284643
37.6066837202205
43.4306655815542
43.2719980387842
42.1645035679301
43.5469418832669
39.8963866927511
36.5799972895378
40.6353496331423
36.4447449774706
35.3703827715828
36.9740523762147
35.6386582985538
34.9396395213756
45.3220071030704
36.1701446778509
41.7700794197586
35.5966332180695
31.181041880101
34.3362446389678
32.8158682224726
33.8429775931945
43.4128382184506
36.4566555687295
34.5897145385612
36.5606232438041
35.6775261685851
33.4987636816013
42.5830110830687
36.1254321846777
34.396249895638
32.7024635373446
33.9131379013559
31.9266580020607
34.1782687387772
32.3555203050941
44.5427345699902
42.7221233913238
34.9681886282061
34.5190653725962
30.3509896897782
36.4770703644377
42.2948424502188
44.6882561251951
30.5482699278288
42.5170777159612
45.112625870166
35.9671118478408
37.013907076539
38.8415159648114
41.1533874266104
34.0193866920488
43.9452918846361
34.7049027994091
46.4901798154304
29.3529908835196
33.8577922579901
31.5848290808158
45.8568227689377
38.6959608283183
39.6673921838569
32.7054898055322
32.4435532332543
34.965335733153
39.1528993593472
35.2340433116722
36.8297580020963
29.8206576725413
43.6314857162427
40.4852723907049
35.8307379439318
38.998853014441
39.080259263366
38.6909228699741
33.018462867074
38.3186943478279
35.9229102525573
35.4647952284825
40.2386596644338
38.7529189857344
40.9724082528078
34.2008840004273
38.1215999930227
32.4416594136999
37.7402261550237
35.4058656451374
46.0802892404809
31.2937571239791
31.3576047069722
43.5719301133902
32.3146453658311
32.0829173952034
31.4500902700389
41.7360691116614
39.5935213825594
39.8407791596527
40.9255166826601
29.2818802063757
30.6229193216218
40.5396291116565
32.2981479128087
30.7428892907624
25.5953445778925
41.3801580854451
36.1954691315654
28.9445611907364
33.7595402596814
32.0248659732327
32.3962406633098
33.3773829229626
37.8391281717024
34.4918252015158
38.2287569738377
32.595185024267
27.9309915872199
27.7854560881908
39.1033978620043
34.9282314898799
31.9041959115774
29.992409049802
37.5504772995643
37.2496607427449
28.7526630618296
32.6539156790353
32.5092759028097
34.8192964422427
36.6754085865484
37.4036637916065
37.0152318041786
33.2099292781489
29.8956733381583
27.8176341478174
38.9590743664562
31.9208783457605
33.6582317266552
38.7357106810489
38.4401348894845
41.566366778334
31.3626285006572
31.6129381080674
35.5674016676166
39.3476032086406
37.3700939659076
39.9177793394122
34.6045572276029
29.7329530879098
33.747813202831
34.0198108966397
32.293141715646
32.5696015336571
39.1065768262473
29.7264203950724
30.9738396444155
29.7804052172213
33.0395754464832
37.0312706862484
31.9801082717248
38.5275457882738
29.6654513780076
29.9670615432527
42.4334856393934
25.98922835013
29.6985975043049
31.3713201446866
37.0668830135678
32.5673205269287
39.4340978780812
34.9631748424727
38.4514623539814
27.3652283178095
42.3871957731451
28.8232989867234
36.6880391551549
37.2391649961858
41.7073072185614
39.8601780394155
35.8775729802425
40.8360370779903
39.0335192292829
32.0547437959028
39.5204253396271
31.7940812565761
30.6202755705909
28.3084955130563
31.101932720605
24.9991057664872
27.2402700714031
33.5451600887418
31.853837429242
43.387163153128
41.3629513219395
32.5281786196865
39.9167432346477
37.8592231729459
38.9204568777927
38.0022535270544
42.2438752601235
40.2453807548183
37.4219746627461
30.870037739046
30.2233313609498
32.6815953189241
31.0725287918702
38.417078681433
32.3447954031241
34.0242738161411
36.5875692924481
37.6787472427878
29.5913060326147
32.2787572127231
39.407934844997
34.686874623095
41.0262809101099
42.7126637590995
42.7585463410084
32.2306630128858
39.5875672016442
31.9808536706914
29.9022749583208
30.1760322905475
28.0515183278966
30.6712915013939
31.8319082772525
30.371012284417
37.3663416040997
36.8754948785217
31.9766911910628
29.9722117681099
40.3272769057633
31.8543091186896
30.0739682486171
31.2225006850442
40.8448427466607
32.2568642929569
25.9173276952892
29.6317461392904
29.2879454606244
40.0082731122879
32.2553246545972
41.7425258627467
31.9626605949852
29.8850632049989
40.0025712404227
30.3354666826689
39.3953710712787
31.8199574772218
37.6041695060441
28.6742988599953
32.6674014701756
33.6025878866753
31.4905937207137
38.6016939512576
32.3636343240524
39.8958711930448
29.3806695942234
31.3844093001517
35.9142015723001
39.8839596958906
30.4906076636717
33.3488611877553
29.468786063662
30.955348930496
32.7265515444877
31.8866864423183
28.9669798447228
34.2324668205254
33.8002422125522
28.8482500287017
29.7369775826405
29.0180104858665
36.8630941312026
27.7881313731284
40.7640940589164
40.5555227042355
32.1881129015537
40.5316626939797
41.2554498088106
30.4329465001228
31.2178069476739
35.8531789482038
36.5910280389252
37.8983582092549
36.1904649659733
30.0347985890943
35.3526164328175
37.9648447013382
36.5549789258758
42.4349540489783
44.043703176271
36.1344860442971
36.8276653400675
34.3857930289362
35.1592771023723
43.7204914882678
39.9301548561071
35.5478544820546
40.0566497035083
37.3308967818131
37.571683913826
30.2065239411919
44.6480012737433
38.4927981326189
36.1393742250535
39.134287927515
40.1410724113375
39.6659568348368
35.2282956423563
36.5881407977421
35.2201130844856
36.0289027032229
41.6210364710382
39.9270794878
34.7302250388989
37.931776379503
38.6429918784395
34.5001789030979
36.6326661351896
34.0780107068644
37.1957169204281
42.319434787557
37.2118053393502
41.8174809319561
33.9029597511938
31.4144141365493
36.492100336088
40.7032433823298
38.3013113703934
44.7076831645702
36.7647582535602
37.6290422859267
32.1430991374057
34.4206336927609
37.4267171578812
37.0752499737591
34.173849958202
35.7670052879055
43.0593120005453
33.7912339178622
38.9543256713283
36.1469893810337
34.6576494716094
37.4567115641015
34.6801461059208
43.7569562257857
35.8392657290126
35.2990132179368
36.6148816417888
38.0470032288923
40.1102461385679
39.6641379176164
35.34517585248
31.117148682228
31.9638987735371
39.152632169753
37.1706888346049
37.423014668187
33.0080935166326
37.0269229982258
37.905438458637
37.4833700430656
39.2333295015996
41.9478931210009
34.5168659695125
36.7747261031841
44.6755681233378
39.1991801039301
42.1915964011308
41.5162329730924
35.5641753158057
44.2089128381518
41.0981969619502
33.4978525158475
42.4542551000563
36.4490522761104
40.8720566207795
36.6089583644047
31.2327460344443
37.4516176012046
38.2953332043623
36.0729155200213
35.7163382055836
36.7252565780885
33.2505816713784
36.4013442134149
41.7233694436923
36.2899584804952
35.3839125640032
44.9768939920993
41.3408623875626
37.077288846815
39.231133396455
37.8921610505243
34.6906640045856
40.354421447314
39.5081124363093
38.7106262400149
34.6283712815905
38.4469001591599
38.660894429498
33.3737262037328
35.853761193142
41.5805881975775
35.703025036713
40.9439419609814
33.4691869495474
37.0520210659772
39.82908088119
41.1740753025872
34.8087311671522
36.9401950229963
39.4192897425727
35.2988827460829
38.9201857354198
33.033852443946
40.1582921058847
39.251665452876
40.1135488665157
36.5731015849402
36.7673739404531
38.7669038112567
37.4817108098165
33.8047389762156
41.7061951270563
37.5933166989601
36.7679609428066
35.2361174649909
40.5912005966637
31.422899845683
34.6132323273479
36.7484732988445
40.3962324951152
40.8094088994655
40.7934251635263
38.5440010441435
37.8789329361584
36.0048121100167
38.4051895333136
39.852519431476
41.706197844689
39.0681653091904
35.3249947977903
35.2821984870709
38.9767644258426
36.2661791564924
37.2675119174005
37.7016083226108
37.8781941548836
37.7400472283391
38.6306182557253
34.1389167292105
36.2346450761232
35.4908496716999
40.8124533499226
37.5917980381141
37.6381952669575
37.1563724502562
38.5293204606617
33.182061138667
39.4395642230511
34.5607514080607
36.4916308924951
39.9185335117394
36.1803461892506
42.8616841060984
37.3570386489962
39.1798162154094
35.7687518254017
37.4940625698972
33.6349288429905
39.850760351968
35.5181334514747
32.6848891417877
38.0077335144779
37.1075752148428
37.1538573203138
37.6067479989156
38.9428370079872
35.8882494107066
38.2241623944956
36.9929757019707
37.1772716269991
36.5562118511887
41.3141586225374
37.3062803782704
38.2223454623264
40.0548202734549
40.0643922669126
36.3099382540753
38.9326308441616
35.5031642095575
37.6394590127972
38.6273181910187
35.9620138062011
38.0565503208507
39.2231409084245
34.9923987044283
39.8778330608752
36.2138158240041
37.5409843006097
37.5656587276956
35.0167458782031
37.865720662591
36.454790559697
37.9295321127463
36.4422878277514
37.7728315743
34.9810590033573
35.1747948320574
38.4371588069814
38.2970129635452
32.874433682147
36.4443500527184
36.2028942773232
38.423811051479
37.1324687442951
39.2467641109417
38.5757332269108
35.8598078716408
37.4963793837729
36.7989596001237
39.4081460802632
40.8421937034616
38.6128509732807
37.3878658984728
33.9528979760486
40.349643981548
35.6433958605147
37.8173561540136
37.6865105859322
35.9756847624811
36.1784791379547
36.8207060458982
38.2432849562304
37.9629820622089
37.8951480716565
38.5942380681646
36.7969934038268
38.6348846760099
37.4980856641297
36.5358196097628
37.1272957129553
37.0265367092259
36.1631151952223
37.3436927206094
39.0903939677233
38.5238207533193
34.7843045069181
37.2600762264879
34.9945770558145
38.9139438404244
35.6629338191
37.5099608535322
34.8489540258954
35.5797104430837
35.9578311303245
38.3306366166067
37.8140367873373
38.745213965027
36.4712034348991
37.6478574632299
37.8992719769118
37.4063101547949
34.8689638159747
38.3697161663431
33.9107661871314
38.0809823486822
30.0759499998603
39.435456577528
34.6770371128279
36.7254194615569
36.3085418829622
36.660395370102
37.4866918148586
36.8308627989813
37.2884526164501
37.5825026320546
24.3346005055419
37.7736950683978
36.8980342260309
35.1825146759744
30.4694590375055
34.9756056889333
37.7867651996443
38.1391062953164
39.454032811371
36.9351831933377
37.2675680206881
37.9930353346393
29.9836066118538
35.3314462882196
36.6387995691246
36.8791644803203
36.5349172430267
38.1368041478489
37.3206392605179
28.4449037783526
26.7000786869285
27.9362649767119
27.2396951373755
37.5462675595563
18.921802272126
33.1723558075301
34.8190143301313
36.6015373658396
36.3188349089604
37.468429260055
29.3278522569484
38.3260894746464
26.0787192354842
36.0505976186264
25.2505245985534
36.5019412036386
35.3568223866103
34.6171773190103
38.3935704431163
29.6112934964272
27.9443498043222
28.2220464602789
35.9484639042043
39.4708126321488
38.9328298644593
37.1173920548029
26.5156881480721
36.9358079610657
37.6888758627541
38.9664203985037
35.264031965627
37.4469287892147
38.6945615035447
33.3541675496715
36.0982402415355
37.2792231653344
36.5040203473436
37.4941721740081
35.5194338757938
37.4559518796935
36.8256995886091
37.6867683930685
38.016561765918
36.6917594054183
37.9866763948227
40.6811393807654
37.3312641296357
34.2685681694982
36.4485377930324
24.5492165094863
38.8653490193899
35.4339571070229
36.3463024150252
36.9594144897211
38.1648273901232
37.1668306674702
38.4004330351781
37.2651498760473
37.7643012699476
38.1129144850845
37.7388123579847
39.8346213841418
37.4328149440157
38.4747732984339
23.4394470382612
29.6499917327969
36.8442921788404
35.350175457271
33.3127959418161
37.8302878916864
37.0495512056527
36.328528604819
37.1379810521602
35.8517698455717
33.3917043968537
37.00484093905
37.7007818597758
37.850865136839
37.5612797768522
26.6975817242751
36.6538316475863
35.9850069384798
36.681396157991
28.1465264049415
38.1142262819006
35.5791812544008
38.1292722777415
27.8840030218794
36.1640005019134
37.3516590437585
37.3633922331225
36.3594512175644
37.3405801136085
28.3206052348921
27.0171385744412
29.3713616516371
38.9032933286504
38.6034669899403
35.7511854841225
38.4956519627123
36.5615192269382
27.3388555917187
37.4139032656727
